DATA/MERAPI_1/inidata/topo.grd
DSAA
600 600
   109.00170634175394000    111.99670634175395000
    -8.99658103933285250     -6.00158103933285330
-3805.38 3355.52
[rows 60 to 89 of 600, columns 134 to 200 of 600]
-2726.84 -2705.24 -2683.89 -2663.26 -2645.73 -2629.72 -2613.72 -2597.84 -2581.77 -2569.93 -2562.03 -2556.59 -2552.42 -2547.42 -2542.8 -2538.76 -2536.87 -2536.93 -2537.11 -2537.48 -2537.69 -2538.47 -2540.19 -2542.3 -2544.73 -2547.29 -2550.05 -2553.14 -2556.45 -2560.01 -2562.94 -2565.17 -2567.48 -2570.05 -2573.88 -2577.1 -2578.64 -2577.66 -2574.07 -2571.45 -2569.18 -2566.58 -2562.12 -2554.13 -2545.07 -2535.29 -2521.43 -2504.12 -2484.68 -2465.05 -2447.49 -2430.23 -2412.94 -2397.54 -2384.38 -2374.83 -2368.24 -2363.56 -2363.81 -2369.78 -2381.8 -2399.48 -2421.23 -2447.49 -2479.17 -2513.12 -2549.17
-2713.53 -2691.85 -2670.64 -2650.25 -2632.24 -2615.61 -2599.49 -2583.65 -2567.73 -2555.61 -2547.07 -2540.91 -2536.07 -2530.71 -2525.79 -2521.42 -2519.19 -2518.91 -2518.66 -2518.7 -2519.05 -2519.98 -2521.7 -2523.69 -2525.92 -2528.56 -2531.58 -2535.04 -2538.63 -2542.27 -2545.11 -2547.1 -2549.21 -2551.55 -2555.08 -2557.85 -2558.64 -2557.03 -2552.97 -2549.73 -2546.73 -2543.32 -2538.09 -2529.54 -2519.7 -2508.84 -2493.99 -2475.83 -2455.9 -2435.98 -2418.21 -2400.81 -2383.44 -2368.02 -2354.9 -2345.38 -2338.78 -2333.97 -2334.1 -2339.98 -2351.87 -2369.47 -2391.35 -2418.23 -2451.54 -2487.44 -2525.59
-2699.89 -2679.11 -2657.96 -2636.97 -2618.61 -2601.68 -2585.17 -2569.1 -2553.19 -2540.96 -2532.16 -2525.4 -2519.89 -2514.19 -2508.96 -2504.22 -2501.66 -2501.1 -2500.56 -2500.3 -2500.24 -2500.94 -2502.79 -2504.62 -2506.42 -2508.92 -2512.03 -2515.85 -2519.89 -2524.07 -2526.73 -2527.8 -2529.74 -2532.24 -2535.54 -2537.85 -2538.03 -2535.57 -2530.43 -2526.42 -2522.9 -2519.41 -2513.79 -2503.79 -2492.65 -2480.86 -2465.26 -2446.46 -2425.63 -2405.02 -2387.35 -2369.87 -2352.01 -2336.42 -2323.34 -2313.89 -2307.27 -2302.25 -2301.78 -2306.63 -2317.48 -2334.12 -2355.71 -2382.8 -2416.69 -2454.23 -2495.51
-2686.27 -2666.04 -2645.27 -2624.46 -2605.9 -2588.58 -2571.63 -2555.4 -2539.84 -2527.31 -2517.67 -2510.18 -2504.06 -2498 -2492.56 -2487.74 -2484.86 -2483.74 -2482.66 -2481.9 -2481.49 -2481.85 -2483.29 -2484.88 -2486.58 -2488.9 -2491.83 -2495.6 -2499.63 -2503.82 -2506.35 -2507.13 -2508.73 -2510.86 -2513.88 -2515.82 -2515.4 -2512.12 -2505.96 -2500.92 -2496.37 -2491.82 -2485.1 -2473.93 -2461.58 -2448.56 -2432.18 -2413.03 -2392.39 -2372.04 -2354.16 -2336.56 -2318.78 -2303.2 -2290.08 -2280.48 -2273.61 -2268.27 -2267 -2270.42 -2279.81 -2294.9 -2314.44 -2339.1 -2370.01 -2404.97 -2444.42
-2672.57 -2652.57 -2632.45 -2612.47 -2593.82 -2576.04 -2558.66 -2542.39 -2527.38 -2514.42 -2503.53 -2495.24 -2488.55 -2482.1 -2476.5 -2471.81 -2468.6 -2466.71 -2464.89 -2463.47 -2462.75 -2462.69 -2463.3 -2464.55 -2466.39 -2468.48 -2470.99 -2474.36 -2477.98 -2481.72 -2484.11 -2485.08 -2486.17 -2487.49 -2490.18 -2491.76 -2490.72 -2486.65 -2479.49 -2473.23 -2467.22 -2460.83 -2452.46 -2440.39 -2426.94 -2412.46 -2395.27 -2376.02 -2356.48 -2337.16 -2318.84 -2301.08 -2283.81 -2268.45 -2255.25 -2245.39 -2238.06 -2232.18 -2229.85 -2231.51 -2239.1 -2252.07 -2268 -2287.74 -2312.16 -2340.4 -2373.17
-2658.23 -2638.86 -2619.12 -2599.24 -2580.25 -2562.12 -2544.98 -2528.79 -2513.47 -2500.27 -2489.19 -2480.63 -2473.54 -2466.42 -2460.29 -2455.45 -2451.81 -2449.24 -2446.97 -2445.15 -2443.81 -2443.19 -2443.44 -2444.25 -2445.58 -2447.31 -2449.54 -2452.61 -2455.94 -2459.47 -2461.33 -2461.44 -2462.07 -2463.13 -2465.37 -2466.33 -2464.43 -2459.22 -2450.67 -2443.25 -2436.25 -2429.06 -2419.87 -2406.77 -2392.18 -2376.48 -2358.52 -2338.97 -2319.85 -2301 -2282.6 -2264.59 -2246.94 -2231.79 -2219.19 -2209.59 -2201.84 -2194.17 -2189.82 -2189.61 -2195.07 -2205.42 -2217.32 -2231.05 -2245.93 -2264.37 -2287.73
-2643.12 -2624.54 -2605.06 -2585.01 -2565.76 -2547.47 -2530.73 -2514.72 -2499.07 -2485.8 -2474.83 -2466 -2458.45 -2450.72 -2444.05 -2438.83 -2434.61 -2431.29 -2428.66 -2426.56 -2424.57 -2423.37 -2423.34 -2423.61 -2424.14 -2425.39 -2427.3 -2429.99 -2432.95 -2436.12 -2437.24 -2436.2 -2436.23 -2436.91 -2438.43 -2438.51 -2435.61 -2429.28 -2419.5 -2410.98 -2403.03 -2395.13 -2385.24 -2371.24 -2355.76 -2339.23 -2320.82 -2301.18 -2282.25 -2263.67 -2245.39 -2227.3 -2209.35 -2194.6 -2182.83 -2173.56 -2165.39 -2155.97 -2149.63 -2147.5 -2150.79 -2158.46 -2166.2 -2173.46 -2177.61 -2184.55 -2196.21
-2627.02 -2609.23 -2589.97 -2569.76 -2550.81 -2532.89 -2516.07 -2500.25 -2485.34 -2472.21 -2460.83 -2451.06 -2442.58 -2434.93 -2428.15 -2422.2 -2417.03 -2412.65 -2409.58 -2407.32 -2405.03 -2403.38 -2402.65 -2402.24 -2402.12 -2402.72 -2404 -2406.13 -2408.39 -2410.58 -2410.88 -2409.23 -2408.16 -2407.46 -2407.66 -2406.55 -2402.63 -2395.69 -2385.7 -2376.22 -2366.8 -2357.13 -2345.82 -2331.42 -2315.79 -2299.24 -2281.25 -2262.28 -2243.66 -2225.28 -2207.2 -2189.67 -2172.75 -2158.85 -2147.63 -2138.07 -2129.37 -2119.98 -2112.85 -2108.74 -2110.12 -2115.59 -2119.39 -2120.22 -2113.76 -2107.86 -2104.05
-2609.64 -2592.42 -2573.54 -2553.54 -2534.76 -2516.94 -2500.13 -2484.65 -2470.64 -2457.7 -2445.84 -2435.19 -2425.81 -2417.95 -2410.97 -2404.63 -2398.73 -2393.38 -2389.62 -2386.86 -2384.28 -2382.27 -2380.99 -2379.96 -2379.18 -2379.13 -2379.71 -2381.07 -2382.44 -2383.53 -2383.01 -2380.8 -2378.68 -2376.62 -2375.44 -2373.01 -2367.91 -2360.24 -2350 -2339.63 -2328.86 -2317.6 -2305.03 -2290.33 -2274.57 -2257.93 -2240.42 -2222.27 -2204.26 -2186.39 -2168.72 -2151.85 -2135.96 -2122.98 -2112.51 -2103.15 -2094.54 -2085.68 -2078.49 -2073.39 -2073.57 -2077.48 -2078.95 -2076.5 -2065.45 -2054.11 -2043.8
-2590.89 -2573.9 -2555.66 -2536.47 -2517.42 -2499.16 -2482.61 -2467.71 -2454.53 -2441.74 -2429.4 -2418.15 -2408.07 -2399.38 -2391.95 -2385.79 -2379.62 -2373.5 -2368.7 -2364.91 -2361.94 -2359.7 -2358.19 -2356.69 -2355.21 -2354.56 -2354.48 -2354.82 -2355.09 -2355.12 -2353.78 -2350.97 -2348.02 -2344.94 -2342.5 -2338.7 -2332.16 -2323.44 -2312.61 -2301.38 -2289.58 -2277.28 -2263.88 -2248.86 -2232.75 -2215.65 -2198.41 -2181.09 -2164.06 -2147.16 -2130.18 -2113.94 -2098.64 -2086.54 -2077.14 -2068.86 -2061.24 -2053.14 -2046.53 -2041.88 -2041.72 -2044.83 -2046.15 -2044.92 -2037.84 -2032.09 -2029.32
-2570.17 -2553.81 -2535.98 -2517 -2498 -2479.79 -2463.59 -2449.02 -2436.1 -2423.34 -2410.83 -2399.19 -2388.59 -2379.35 -2371.52 -2365.25 -2358.94 -2352.63 -2347.09 -2342.42 -2339.1 -2336.52 -2334.48 -2332.39 -2330.26 -2328.75 -2327.78 -2327.52 -2327.18 -2326.4 -2324.35 -2320.94 -2317.14 -2313 -2309.23 -2304.09 -2296.37 -2286.74 -2275.27 -2263.3 -2250.71 -2237.57 -2223.48 -2208.11 -2191.76 -2174.5 -2157.42 -2140.64 -2124.76 -2109.06 -2092.76 -2077.13 -2062.43 -2051 -2042.39 -2035.33 -2028.9 -2021.4 -2015.54 -2011.99 -2012.26 -2015.42 -2017.58 -2018.6 -2016.43 -2016.89 -2021.79
-2547.45 -2531.89 -2514.3 -2495.16 -2476.47 -2458.71 -2442.89 -2428.49 -2415.47 -2402.71 -2390.25 -2378.4 -2367.48 -2357.97 -2349.82 -2343.12 -2336.72 -2330.54 -2324.54 -2319.22 -2315.6 -2312.6 -2309.86 -2307.1 -2304.32 -2301.83 -2299.87 -2299.33 -2298.71 -2297.31 -2294.61 -2290.56 -2285.91 -2280.73 -2275.65 -2269.26 -2260.57 -2250.15 -2238.05 -2225.46 -2212.27 -2198.48 -2183.84 -2168.1 -2151.58 -2134.37 -2117.42 -2101.01 -2086.37 -2071.99 -2056.36 -2041.33 -2027.3 -2016.45 -2008.48 -2002.69 -1997.57 -1990.67 -1985.72 -1983.7 -1984.97 -1988.88 -1992.56 -1996.36 -1999.4 -2005.9 -2017.65
-2522.53 -2506.78 -2489.48 -2470.99 -2452.69 -2435.23 -2419.67 -2405.67 -2393.28 -2380.75 -2368.19 -2356.32 -2345.36 -2335.84 -2327.39 -2319.95 -2312.87 -2306.13 -2299.95 -2294.57 -2290.64 -2287.29 -2284.18 -2280.86 -2277.35 -2274.35 -2271.95 -2270.85 -2269.6 -2267.55 -2264 -2258.92 -2253.43 -2247.53 -2241.74 -2234.53 -2224.71 -2213.52 -2201.12 -2187.93 -2174.03 -2159.83 -2144.87 -2128.73 -2111.97 -2094.71 -2078.09 -2062.36 -2048.81 -2035.5 -2020.42 -2006.07 -1992.96 -1983.23 -1976.51 -1971.79 -1967.72 -1962.01 -1958.22 -1957.29 -1959.58 -1964.47 -1969.12 -1974.55 -1981.1 -1991.01 -2005.62
-2495.37 -2479.08 -2462.01 -2444.31 -2426.41 -2409.25 -2394.04 -2380.55 -2368.9 -2356.71 -2344.14 -2332.25 -2321.27 -2311.91 -2303.37 -2295.41 -2287.67 -2280.22 -2273.91 -2268.58 -2264.35 -2260.65 -2257.28 -2253.5 -2249.35 -2246.03 -2243.38 -2241.61 -2239.67 -2237.05 -2232.76 -2226.72 -2220.57 -2214.15 -2207.75 -2199.82 -2189.07 -2177.27 -2164.65 -2150.96 -2136.44 -2121.85 -2106.58 -2090.12 -2073.21 -2056.01 -2039.85 -2024.89 -2012.15 -1999.66 -1985.34 -1971.84 -1959.75 -1951.26 -1945.88 -1942.14 -1939.05 -1934.77 -1932.22 -1932.13 -1935.31 -1941.1 -1946.44 -1952.77 -1961.24 -1972.38 -1986.92
-2466.04 -2449.25 -2432.19 -2414.91 -2397.31 -2380.53 -2366.04 -2353.13 -2341.74 -2329.9 -2317.66 -2305.45 -2294.09 -2285.05 -2276.95 -2269.4 -2261.62 -2253.72 -2247.03 -2241.34 -2236.75 -2232.68 -2228.95 -2224.79 -2220.26 -2216.63 -2213.63 -2211.16 -2208.58 -2205.65 -2201.02 -2194.59 -2188.15 -2181.35 -2173.95 -2165.09 -2153.96 -2141.84 -2128.9 -2114.91 -2100.04 -2084.74 -2068.87 -2052.32 -2035.58 -2018.8 -2003.25 -1988.96 -1976.38 -1964.31 -1951.43 -1939.26 -1928.12 -1920.6 -1916.22 -1913.42 -1911.38 -1908.53 -1907.08 -1907.59 -1911.21 -1917.37 -1923.24 -1929.91 -1938.19 -1947.95 -1959.49
-2433.84 -2416.99 -2400.09 -2383.16 -2365.85 -2349.43 -2335.48 -2323.11 -2312.19 -2300.76 -2288.85 -2276.6 -2265.12 -2256.26 -2248.42 -2241.17 -2233.41 -2225.28 -2218.38 -2212.47 -2207.68 -2203.42 -2199.48 -2195.15 -2190.46 -2186.55 -2183.16 -2180.15 -2177.08 -2173.81 -2168.96 -2162.41 -2155.77 -2148.6 -2140.28 -2130.64 -2119.39 -2107.09 -2093.79 -2079.49 -2064.29 -2048.38 -2032.1 -2015.72 -1999.13 -1982.35 -1967.23 -1953.69 -1941.78 -1930.46 -1918.52 -1907.33 -1897.19 -1890.65 -1887.21 -1885.37 -1884.36 -1882.75 -1882.38 -1883.69 -1887.74 -1893.99 -1899.91 -1906.27 -1913.61 -1921.55 -1930.09
-2398.67 -2382.31 -2365.82 -2349.2 -2332.2 -2316.07 -2302.37 -2290.46 -2280.34 -2269.42 -2257.76 -2245.87 -2234.68 -2225.79 -2217.86 -2210.56 -2202.78 -2194.65 -2187.77 -2181.89 -2177.13 -2172.9 -2168.99 -2164.71 -2160.06 -2155.88 -2152.07 -2148.73 -2145.33 -2141.67 -2136.66 -2130.2 -2123.38 -2115.82 -2106.75 -2096.55 -2085.39 -2072.99 -2059.3 -2044.64 -2029.08 -2012.77 -1996.33 -1980.43 -1963.87 -1946.47 -1931.54 -1918.84 -1908.39 -1898.34 -1886.55 -1875.81 -1866.74 -1861.21 -1858.76 -1857.9 -1857.87 -1857.26 -1857.94 -1860.38 -1864.92 -1871.07 -1876.46 -1881.87 -1887.9 -1894.14 -1900.53
-2361.12 -2344.65 -2328.33 -2312.11 -2295.64 -2280.03 -2266.68 -2255.02 -2245.05 -2234.5 -2223.41 -2212.32 -2201.86 -2193.18 -2185.38 -2178.25 -2170.66 -2162.74 -2155.89 -2149.98 -2145.22 -2141 -2137.11 -2132.79 -2128.06 -2123.97 -2120.27 -2116.82 -2113.26 -2109.47 -2104.41 -2097.96 -2090.84 -2082.89 -2073.78 -2063.62 -2052.49 -2040.01 -2026.13 -2011.33 -1995.67 -1979.19 -1962.66 -1946.84 -1930.49 -1913.44 -1898.85 -1886.61 -1877.06 -1867.94 -1856.62 -1846.46 -1838.16 -1833.56 -1832.14 -1832.36 -1833.28 -1833.18 -1834.52 -1837.95 -1842.59 -1848.11 -1853.08 -1857.97 -1863.17 -1868.2 -1872.92
-2321.2 -2304.24 -2287.89 -2272.08 -2256.26 -2241.34 -2228.37 -2216.86 -2206.75 -2196.53 -2186.22 -2176.17 -2166.71 -2158.45 -2150.97 -2144.22 -2137.03 -2129.5 -2122.76 -2116.82 -2112.06 -2107.84 -2103.94 -2099.63 -2094.93 -2091.16 -2087.87 -2084.51 -2080.97 -2077.22 -2072.2 -2065.78 -2058.4 -2050.15 -2041.43 -2031.68 -2020.53 -2008.06 -1994.25 -1979.5 -1963.87 -1947.46 -1930.96 -1915.02 -1898.98 -1882.77 -1868.66 -1856.67 -1847.62 -1839.11 -1828.5 -1819 -1811.28 -1807.51 -1807.11 -1808.36 -1810.11 -1810.26 -1811.96 -1816.1 -1820.55 -1825.22 -1829.81 -1834.41 -1839.13 -1843.38 -1846.92
-2278.73 -2261.44 -2244.96 -2229.24 -2213.99 -2199.74 -2187.08 -2175.97 -2166.51 -2156.91 -2147.22 -2137.84 -2129.05 -2121.4 -2114.52 -2108.38 -2101.8 -2094.84 -2088.45 -2082.67 -2077.9 -2073.59 -2069.52 -2065.67 -2062.02 -2058.48 -2055.08 -2052 -2048.68 -2044.86 -2039.92 -2033.77 -2026.61 -2018.54 -2009.86 -2000.09 -1988.83 -1976.61 -1963.46 -1948.83 -1933.07 -1916.92 -1900.77 -1885.13 -1869.24 -1853 -1839.31 -1828.03 -1819.41 -1811.34 -1801.42 -1792.61 -1785.54 -1782.51 -1782.9 -1784.69 -1786.95 -1787.88 -1789.93 -1793.78 -1798.15 -1802.85 -1806.91 -1810.84 -1815.29 -1819.2 -1822.27
-2234.63 -2216.91 -2200.2 -2184.5 -2169.78 -2156.21 -2143.87 -2133.14 -2124.25 -2115.33 -2106.39 -2097.71 -2089.61 -2082.65 -2076.45 -2071 -2065.16 -2058.98 -2053.14 -2047.71 -2043.03 -2038.77 -2034.77 -2031.51 -2028.9 -2025.69 -2022.33 -2019.63 -2016.61 -2012.81 -2008.09 -2002.4 -1995.75 -1988.11 -1979.52 -1969.74 -1958.48 -1946.65 -1934.32 -1920.05 -1904.37 -1888.47 -1872.62 -1857.39 -1841.72 -1825.51 -1812.27 -1801.65 -1793.27 -1785.45 -1776.1 -1767.94 -1761.55 -1759.11 -1759.94 -1761.86 -1764.27 -1765.84 -1768.14 -1771.56 -1775.7 -1780.26 -1783.79 -1787.09 -1791.14 -1794.53 -1796.92
-2189.72 -2171.31 -2154.3 -2138.67 -2124.48 -2111.55 -2099.6 -2089.02 -2079.96 -2071.58 -2063.79 -2056.15 -2048.98 -2042.65 -2037.06 -2032.27 -2027.31 -2022.15 -2017.03 -2012.1 -2007.69 -2003.81 -2000.57 -1997.78 -1995.36 -1992.68 -1989.96 -1987.66 -1984.96 -1981.41 -1977.13 -1972.1 -1966.09 -1959.05 -1950.79 -1941.27 -1930.25 -1918.89 -1907.29 -1893.79 -1878.77 -1862.82 -1846.87 -1831.91 -1816.79 -1801.37 -1788.67 -1778.36 -1769.93 -1762.06 -1753.02 -1745.44 -1739.92 -1737.81 -1738.54 -1740.15 -1742.26 -1743.85 -1746.25 -1749.85 -1753.38 -1756.79 -1759.97 -1763 -1766.19 -1768.28 -1768.88
-2143.68 -2124.29 -2106.85 -2091.35 -2077.89 -2065.82 -2054.22 -2043.82 -2034.78 -2026.92 -2020.07 -2013.42 -2007.25 -2001.79 -1996.87 -1992.48 -1988.26 -1984.17 -1980.09 -1976.1 -1972.21 -1968.78 -1966.03 -1963.78 -1961.95 -1960.12 -1958.22 -1956.09 -1953.55 -1950.45 -1946.84 -1942.68 -1937.56 -1931.34 -1923.61 -1914.53 -1903.99 -1893.11 -1882.01 -1869.02 -1854.53 -1839.05 -1823.5 -1808.85 -1794.07 -1779.05 -1766.58 -1756.41 -1748.29 -1740.74 -1731.84 -1724.43 -1719.12 -1717.12 -1717.82 -1719.13 -1720.88 -1722.29 -1724.53 -1727.92 -1730.8 -1733.25 -1735.81 -1738.22 -1740.48 -1741.33 -1740.29
-2096.56 -2075.95 -2057.99 -2042.64 -2030.12 -2019.11 -2007.86 -1997.72 -1989.02 -1981.64 -1975.44 -1969.69 -1964.55 -1960.21 -1956.06 -1951.79 -1948.15 -1945.11 -1942.42 -1939.81 -1936.69 -1933.72 -1931.11 -1929.5 -1928.83 -1928.15 -1927.18 -1924.99 -1922.45 -1920 -1917.27 -1914.18 -1910.14 -1904.95 -1897.94 -1889.49 -1879.66 -1869.28 -1858.42 -1845.62 -1831.42 -1817.02 -1802.51 -1788.22 -1773.51 -1758.35 -1745.75 -1735.59 -1728.22 -1721.38 -1712.5 -1704.8 -1698.99 -1696.86 -1697.66 -1698.75 -1700.14 -1701.26 -1703.01 -1705.67 -1707.93 -1709.78 -1711.38 -1712.71 -1714.04 -1713.83 -1711.5
-2049.85 -2028.97 -2010.7 -1995.08 -1982.7 -1972.11 -1961.45 -1951.81 -1943.4 -1936.5 -1930.98 -1926.14 -1921.96 -1918.34 -1915.01 -1911.8 -1909.19 -1907.14 -1905.28 -1903.46 -1901.17 -1899.12 -1897.58 -1896.89 -1896.96 -1897.05 -1896.8 -1895.21 -1893.37 -1891.86 -1890 -1887.67 -1884.18 -1879.48 -1873.29 -1865.77 -1856.87 -1847.22 -1836.89 -1824.79 -1811.37 -1797.53 -1783.54 -1769.84 -1755.67 -1740.95 -1728.52 -1718.29 -1710.68 -1703.7 -1695.09 -1687.56 -1681.7 -1679.1 -1679.14 -1679.67 -1680.55 -1681.17 -1682.23 -1683.94 -1685.29 -1686.29 -1686.97 -1687.27 -1687.4 -1685.91 -1682.26
-2003.18 -1982.44 -1964.01 -1948.02 -1935.42 -1924.88 -1914.89 -1905.86 -1897.72 -1891.3 -1886.47 -1882.6 -1879.41 -1876.37 -1873.89 -1872.14 -1870.75 -1869.64 -1868.48 -1867.3 -1865.99 -1865.13 -1865.07 -1865.38 -1865.99 -1866.65 -1867.09 -1866.59 -1865.89 -1865.41 -1864.38 -1862.65 -1859.48 -1855.08 -1849.83 -1843.4 -1835.56 -1826.76 -1817.04 -1805.93 -1793.58 -1780.08 -1766.37 -1753.33 -1739.92 -1725.99 -1713.89 -1703.54 -1695.13 -1687.47 -1679.23 -1672.02 -1666.2 -1662.91 -1661.76 -1661.48 -1661.7 -1661.65 -1661.91 -1662.6 -1662.93 -1662.9 -1662.61 -1661.86 -1660.67 -1657.85 -1652.96
-1955.97 -1934.63 -1916.15 -1900.55 -1888.17 -1877.84 -1868.22 -1859.56 -1851.77 -1845.79 -1841.56 -1838.83 -1836.95 -1834.85 -1833.19 -1832.14 -1831.56 -1831.4 -1831.66 -1832.09 -1832.17 -1832.43 -1833.05 -1833.95 -1835.11 -1836.57 -1838.03 -1838.89 -1839.35 -1839.47 -1839.02 -1837.93 -1835.56 -1832.05 -1827.73 -1822.28 -1815.54 -1807.45 -1797.98 -1787.72 -1776.49 -1763.7 -1750.5 -1737.78 -1724.92 -1711.85 -1700.13 -1689.7 -1680.54 -1672.22 -1664.2 -1656.92 -1650.43 -1646.47 -1644.61 -1643.34 -1642.56 -1641.84 -1641.48 -1641.54 -1641.05 -1640 -1638.41 -1636.31 -1634 -1630.15 -1624.34
-1908.08 -1885.8 -1867.14 -1851.99 -1840.14 -1830.35 -1821.03 -1812.61 -1804.98 -1799.54 -1796.2 -1794.73 -1794.23 -1793.32 -1792.57 -1792.03 -1792.23 -1793.17 -1794.98 -1797.09 -1798.53 -1799.83 -1801.09 -1802.7 -1804.71 -1807.11 -1809.63 -1811.78 -1813.4 -1814.32 -1814.56 -1814.08 -1812.69 -1810.38 -1807.16 -1802.75 -1796.96 -1789.46 -1780.2 -1770.56 -1760.19 -1748.15 -1735.54 -1723.1 -1710.56 -1697.92 -1686.31 -1675.72 -1666.23 -1657.51 -1649.23 -1641.52 -1634.37 -1629.79 -1627.3 -1625.23 -1623.63 -1622.27 -1621.25 -1620.63 -1619.28 -1617.21 -1614.45 -1611.23 -1608.17 -1603.52 -1596.74
-1859.12 -1835.53 -1816.32 -1801.34 -1790.46 -1781.77 -1772.84 -1764.46 -1756.54 -1751.83 -1750.07 -1749.97 -1750.81 -1751.38 -1751.75 -1751.68 -1752.81 -1755.16 -1758.38 -1761.82 -1764.23 -1766.43 -1768.59 -1771.41 -1774.88 -1778.39 -1781.84 -1784.95 -1787.69 -1790.07 -1791.3 -1791.33 -1791.04 -1790.18 -1788.44 -1785.23 -1780.08 -1773 -1764 -1754.61 -1744.53 -1733.09 -1721.07 -1709.05 -1696.5 -1683.36 -1671.28 -1660.35 -1651.39 -1642.94 -1633.47 -1624.85 -1617.48 -1612.4 -1609.26 -1606.95 -1605.12 -1603.2 -1601.4 -1599.75 -1597.38 -1594.33 -1590.84 -1587.13 -1584.03 -1578.88 -1570.81
-1811.39 -1787.72 -1768.3 -1753.1 -1742.58 -1734.48 -1726.05 -1718.16 -1710.69 -1706.74 -1706.03 -1707.06 -1709.05 -1710.6 -1711.93 -1712.81 -1715.15 -1718.89 -1723.15 -1727.53 -1731.06 -1734.42 -1737.76 -1741.66 -1746.13 -1750.65 -1755.08 -1758.94 -1762.55 -1766.18 -1768.44 -1769.25 -1770.05 -1770.39 -1769.67 -1767.39 -1763.06 -1756.64 -1748.12 -1739.15 -1729.51 -1718.89 -1707.62 -1696 -1683.59 -1670.34 -1658.11 -1647 -1637.81 -1629.02 -1619.01 -1609.96 -1602.36 -1596.66 -1592.63 -1589.51 -1586.9 -1584.19 -1581.5 -1578.84 -1575.47 -1571.46 -1567.2 -1562.73 -1558.74 -1552.5 -1543.1
