DATA/MERAPI_1/inidata/topo.grd
DSAA
600 600
   109.00170634175394000    111.99670634175395000
    -8.99658103933285250     -6.00158103933285330
-3805.38 3355.52
[rows 300 to 329 of 600, columns 268 to 334 of 600]
778.801 797.531 836.015 878.718 907.884 934.541 998.117 1042.32 1093.84 1056.62 1076.67 1075.48 1094.86 1132.98 1161.59 1209.67 1274.24 1304.7 1370.65 1447.99 1551.21 1576.83 1664.95 1651.38 1596.61 1560.95 1480.04 1432.52 1399.36 1336.22 1258.27 1177.21 1113.58 1030.1 927.239 868.087 833.95 801.364 783.423 757.862 728.938 694.238 660.212 627.716 593.851 566.531 541.706 517.952 499.336 476.753 457.731 441.097 423.821 401.412 385.554 366.566 355.339 332.875 332.652 287.292 288.907 288.769 282.753 269.094 234.904 253.426 233.633
779.247 804.108 859.811 901.14 968.176 984.05 1004.6 1056.42 1129.32 1102.55 1131.72 1145.38 1146.55 1195.32 1223.47 1276.96 1350.15 1477.66 1499.8 1556.12 1594.91 1729.48 1859.57 1799.99 1708 1595.02 1498.51 1454.56 1414.25 1344.71 1249.25 1175.64 1113.75 1021.57 923.381 840.487 830.733 797.238 767.919 738.873 715.031 690.761 661.576 634.358 606.712 566.441 547.908 523.71 501.442 477.94 459.886 441.617 424.085 405.96 387.072 371.945 347.935 326.753 321.474 301.987 297.457 312.804 290.798 254.838 257.364 256.083 224.993
813.724 874.318 872.508 923.266 982.353 1012.72 1081.37 1071.17 1119.52 1170.89 1203.08 1196.1 1229.45 1252.87 1340.2 1380.99 1433.45 1516.27 1727.44 1733.15 1781.77 1855.75 2019.53 1972.24 1754.4 1715.42 1551.76 1461.9 1382.74 1322.25 1244.9 1185.22 1098.74 1010.24 915.633 848.119 804.052 772.101 763.234 731.548 711.131 679.081 654.081 628.988 600.598 569.966 548.044 524.937 505.735 487.183 464.56 444.207 426.39 405.859 391.177 373.693 354.307 328.389 316.982 311.742 311.41 308.771 281.905 261.631 260.646 260.885 227.519
811.172 904.041 932.062 946.352 1016.92 1053.31 1068.77 1142.9 1144.13 1217.36 1188.96 1240.02 1293.99 1342.54 1406.06 1478.67 1574.45 1676.4 1794.45 1956.03 2001.54 2067.31 2117.86 1889.14 1852.87 1765.73 1605.14 1451.61 1344.28 1283.36 1226.07 1145.09 1071.29 990.465 909.202 841.433 802.504 767.992 742.895 716.557 694.397 680.567 666.385 641.953 615.374 595.175 571.623 539.856 520.03 502.795 472.907 434.614 418.813 394.326 379.358 367.203 350.253 333.196 320.116 320.864 305.374 313.414 290.695 287.444 273.58 245.78 231.518
862.489 877.077 918.896 986.736 1047.71 1071.53 1107.8 1131.42 1191.68 1228.85 1246.82 1301.49 1353.72 1390.98 1504.43 1598.62 1726.35 1858.32 2003.14 2057.88 2213.54 2238.69 2274.77 2076.56 1957.67 1812.17 1660.92 1476.86 1338.66 1256.88 1178.65 1112.04 1048.54 973.235 912.118 860.934 802.083 770.828 741.596 736.211 717.387 693.56 664.573 650.469 626.764 596.22 569.855 540.302 502.641 480.372 462.488 439.249 428.428 412.996 386.504 372.073 360.935 361.764 345.872 348.661 330.231 331.551 310.68 295.48 265.045 247.349 227.874
836.925 898.976 938.949 964.283 1051.07 1095.09 1142.13 1171.55 1224.06 1246.63 1288.12 1317.09 1391.49 1506.85 1585.23 1740.5 1901.68 2054.06 2218.54 2273.46 2392 2458.6 2281.64 2144.95 2064.47 1892.02 1637.58 1442.65 1333.78 1248.9 1191.57 1126.35 1056.32 993.721 919.466 851.851 819.659 791.848 767.844 746.533 718.32 694.995 656.113 620.452 602.132 585.904 558.758 539.021 508.52 497.34 481.809 458.168 435.651 414.559 394.41 370.371 382.625 378.613 369.709 361.723 347.341 320.829 317.173 302.172 293.36 274.244 241.471
857.12 893.48 955.934 1016.94 1060.65 1093.37 1122.8 1180.43 1216.17 1267.52 1297.12 1341.41 1411.29 1499.22 1684.87 1874.05 2045.9 2279.69 2471.48 2514.71 2551.25 2595.19 2430.71 2211.44 2034.21 1867.4 1626.29 1461.32 1300.06 1202.05 1137.04 1120.26 1052.93 968.896 917.205 861.663 806.392 771.02 748.36 727.259 703.166 683.961 661.185 642.083 623.565 591.976 563.614 541.679 531.305 507.225 487.493 455.672 435.682 430.4 414.485 378.806 381.963 391.799 374.891 358.936 332.422 310.917 311.123 301.868 278.524 265.145 237.639
878.645 916.446 968.479 1019.45 1057.97 1117.85 1158.54 1177.96 1199.15 1285.91 1334.6 1418.91 1419.23 1559.35 1728.47 1834.01 2059.2 2453.68 2666.22 2749.28 2731.29 2666.93 2459.71 2276.16 2136.38 1906.9 1628.8 1437.46 1310.56 1212.4 1114.6 1075.08 1033.73 971.512 912.365 874.208 839.108 796.026 752.659 722.087 704.693 681.011 656.897 632.082 609.255 591.774 585.635 568.615 549.585 522.871 506.635 469.087 445.967 417.236 395.976 379.617 382.745 386.786 377.753 352.076 311.004 277.925 299.238 286.058 253 250.789 233.605
866.584 919.19 958.839 1026.5 1075.93 1124.27 1143.51 1181.64 1226.71 1276.36 1315.03 1393.78 1503.15 1632.36 1731.89 2008.2 2298.78 2572.5 2840.98 2984.8 2914 2716.64 2373.94 2110.19 1899.75 1698.96 1506.87 1390.12 1303.17 1202.01 1122.06 1058.5 1019.8 970.67 913.436 870.06 815.89 790.703 761.978 734.839 708.19 683.902 663.199 648.709 631.457 610.558 594.026 592.765 572.564 557.269 510.939 457.081 426.194 410.411 383.618 368.47 354.779 354.984 336.864 310.704 314.305 273.747 285.336 288.803 257.636 245.081 244.713
869.075 921.808 970.656 1030.46 1085.98 1128.97 1168.46 1201.27 1224.72 1271.41 1337.09 1403.46 1507.78 1633.22 1827.54 2076.05 2303.76 2525.34 2852.84 2927.82 3008.46 2833.26 2543.95 2252.63 2076.01 1866.03 1665.06 1462.46 1327.78 1209.94 1127.46 1059.74 1011.73 964.311 918.28 882.043 844.978 805.943 767.414 739.378 707.741 687.351 654.54 631.596 610.2 593.337 578.788 565.266 548.515 520.472 507.991 479.079 437.172 415.687 394.267 375.864 363.764 347.61 309.302 287.702 268.476 269.096 237.699 261.096 247.297 269.533 265.163
890.284 936.027 978.256 1031.65 1087.41 1116.67 1162.13 1205.05 1238.32 1282.98 1337.89 1422.37 1526.6 1637.74 1799.99 2063.39 2315.85 2623.38 2575.23 2806.33 2903.89 2844.46 2564.14 2309.41 2078.62 1815.09 1590.87 1431.1 1298.13 1170.59 1091.06 1044.36 979.329 940.788 901.152 861.976 831.32 796.732 771.962 741.331 705.743 676.339 654.501 626.096 606.792 603.366 577.532 557.129 539.142 520.504 538.692 537.46 466.47 444 440.623 391.456 375.259 343.061 324.317 322.159 262.555 239.372 231.612 234.21 240.519 236.836 221.076
891.12 939.535 1002.29 1037.11 1084.21 1131.92 1151.02 1192.43 1237.55 1278.67 1328.57 1428.07 1534.07 1655.03 1793.44 1981.26 2203.11 2247.39 2541.06 2809.43 2640.18 2683.41 2501.12 2270.91 2068.83 1784.66 1535.13 1339.17 1257.57 1111.39 1010.65 991.736 955.436 920.44 881.337 847.167 814.204 784.196 754.638 726.065 697.836 668.414 644.277 629.225 631.52 603.564 577.286 566.53 553.029 537.266 538.69 526.04 457.497 487.351 474.297 449.452 432.969 408.672 368.283 306.579 285.041 279.212 248.99 218.902 219.291 215.836 192.804
884.815 932.979 975.909 1027.02 1076.65 1126.28 1160.72 1198.32 1240.57 1297.28 1352.98 1417.59 1505.98 1607.69 1748.79 1936.71 2149.99 2318.44 2514.51 2607.76 2409.36 2406.33 2283.94 2107.16 1893.23 1668.68 1444.17 1336.27 1193.79 1037.13 974.082 930.749 916.325 891.947 859.937 824.512 795.495 765.655 745.142 719.096 699.422 681.047 656.787 648.751 635.181 627.988 594.64 556.432 542.023 524.174 525.5 504.711 493.299 481.117 478.957 457.102 457.186 415.376 401.238 353.843 291.31 256.6 243.281 241.667 224.177 214.978 200.989
888.99 923.919 984.976 1025.36 1063.87 1132.08 1170.71 1201.79 1239.04 1293.24 1337.62 1419.87 1499.5 1606.05 1705.11 1813.78 2014.82 2203.62 2325.54 2417.37 2382.31 2148.4 2035.29 1943 1766.76 1575 1366.47 1237.79 1078.07 977.574 921.473 890.592 861.361 856.91 830.628 803.952 774.976 751.015 729.845 703.811 688.174 675.643 669.949 668.336 645.842 642.665 608.477 575.895 575.517 552.786 555.531 526.581 498.513 470.145 466.88 464.289 465.946 460.197 439.581 405.693 362.254 312.116 256.711 230.74 216.871 210.589 200.475
902.544 946.291 982.189 1026.34 1095.32 1143.12 1177.06 1201.94 1250 1302.36 1352.32 1432.55 1544.9 1616.19 1678.4 1785.18 1854.72 2080.72 2087.56 2187.82 2073.13 2046.73 1891.16 1744.8 1561.84 1419.62 1269.11 1154.18 1044.42 953.289 882.141 855.213 830.471 811.749 808.878 786.745 757.442 744.128 730.431 711.893 689.983 666.165 640.763 598.331 581.24 613.896 598.769 586.752 565.689 534.496 518.274 505.603 520.347 508.057 500.572 486.336 466.172 452.679 403.676 368.005 332.726 295.056 277.079 232.723 221.824 207.614 198.775
895.662 948.418 1005.87 1061.09 1106.59 1151.4 1213.51 1229.8 1271.4 1302.77 1347.99 1422.27 1523.04 1593.84 1667.61 1688.45 1809.81 1965.18 1834.52 1925.04 1841.16 1829.17 1698.74 1615.27 1415.25 1311 1197.12 1080.67 1005.1 934.808 874.009 842.768 817.726 780.023 770.176 761.979 747.134 729.805 721.145 698.056 672.602 657.378 678.426 676.18 585.274 559.795 527.787 521.692 531.228 554.885 543.432 539.478 495.274 491.069 504.525 500.531 480.264 455.88 451.659 389.673 361.61 326.167 314.198 287.249 279 272.461 224.032
903.459 954.487 992.895 1066.65 1130.07 1190.72 1213.29 1251.68 1286.04 1326.8 1350.87 1400.33 1460.67 1516.39 1543.7 1624.13 1741.87 1751.17 1717.34 1688.66 1659.62 1616.93 1519.71 1391.48 1365.91 1208.02 1129.26 1051.19 963.919 894.461 866.602 835.582 809.503 783.66 760.503 733.492 733.454 728.29 699.156 688.091 722.888 724.429 688.686 649.686 630.088 599.774 578.641 563.744 522.013 548.909 526.367 530.322 511.22 492.85 494.784 486.749 479.352 464.924 439.134 416.942 380.563 382.689 321.588 290.546 270.031 281.364 219.733
858.957 894.792 959.973 1029.68 1109.35 1179.68 1225.31 1257.02 1292.66 1327.27 1365.4 1379.97 1404.35 1457.55 1496.7 1527.84 1603.98 1634.67 1553.16 1560.11 1514.65 1456.26 1343.22 1300.43 1229.38 1220.95 1064.73 990.977 932.787 885.684 844.654 823.241 794.796 774.622 763.912 745.312 730.149 727.264 747.337 728.111 709.247 710.325 721.54 689.702 650.508 616.577 576.781 551.195 531.219 523.146 512.625 507.814 502.488 496.076 489.554 476.727 460.473 425.035 435.565 426.341 381.672 375.604 336.956 293.999 276.407 270.565 270.037
830.8 879.431 910.298 994.761 1074.61 1123.33 1246.71 1268.06 1284.66 1324.77 1350.54 1364.47 1388.17 1425.87 1458.45 1459.71 1534.13 1556.21 1441.78 1435.77 1397.06 1368.04 1305.88 1228.38 1164.87 1097.15 1041.52 1001.16 924.748 888.859 863.711 834.949 802.607 780.271 770.276 761.244 758.384 770.556 763.493 759.58 756.769 748.746 714.553 684.29 646.041 627.139 599.621 576.732 512.997 467.417 503.866 488.15 489.971 472.637 473.257 449.75 441.492 424.62 421.363 411.639 385.265 386.756 355.468 351.537 335.929 319.649 313.118
789.523 836.888 901.256 986.116 1063.88 1133.42 1217.9 1267.1 1289.14 1312.89 1356.59 1342.88 1350.02 1386.9 1413.41 1407.15 1420.43 1514.12 1411.19 1345.45 1326.1 1258.28 1202.66 1179.76 1105.85 1062.28 1012.89 974.918 909.071 884.267 851.727 829.272 807.532 790.057 775.269 762.708 757.287 767.899 783.966 781.249 794.539 724.198 664.428 666.216 629.457 596.987 577.246 541.074 512.752 508.925 457.413 429.671 456.016 455.666 442.726 463.223 451.464 436.171 393.035 394.393 392.011 368.679 351.188 341.058 325.093 317.08 311.068
761.322 818.474 863.972 928.819 1024.84 1148.92 1254.3 1284.9 1323.77 1312.47 1311.67 1320.53 1337.7 1357.76 1361.09 1362.49 1356.59 1459.07 1424.44 1320.18 1283.27 1221.31 1153.1 1099.38 1060.96 1016.85 970.804 937.948 902.481 873.962 838.659 810.484 790.605 776.997 767.573 752.99 750.046 761.383 787.291 809.955 805.764 724.14 659.415 619.651 587.016 552.16 533.094 515.646 495.11 519.155 499.839 483.431 448.992 410.223 430.308 419.415 420.232 419.465 425.946 402.162 379.69 361.465 347.13 319.634 296.774 302.409 297.475
766.934 806.39 837.505 932.947 1105.73 1439.43 1491.29 1314.61 1270.65 1286.71 1285.27 1291.14 1323.02 1331.86 1330.27 1314.66 1312.25 1311.16 1335.53 1284.2 1238.45 1187.4 1146.12 1101.54 1045.62 991.303 946.766 904.44 875.017 845.714 815.36 792.157 777.686 754.104 745.74 742.585 737.359 737.974 772.634 794.726 775.479 731.7 672.02 620.458 579.96 527.133 514.513 495.674 490.54 491.622 501.538 472.27 466.051 455.109 404.364 412.883 406.028 408.708 401.719 384.191 371.947 349.278 328.958 317.21 318.689 302.6 268.881
751.507 770.833 859.771 978.605 1192.76 1426.34 1643.56 1456.33 1237.53 1255.72 1264.81 1273.21 1299.53 1308.22 1270.49 1246.91 1258.82 1240.82 1271.11 1227.79 1159.33 1124.58 1092.93 1064.25 1032.74 989.976 943.653 876.103 859.831 834.024 812.069 782.886 765.039 747.362 729.573 726.941 728.399 728.131 738.865 743.111 695.632 680.784 639.878 604.712 572.313 549.629 522.685 522.523 515.369 505.297 486.647 468.871 442.177 402.031 385.397 369.037 383.735 407.736 396.549 385.876 363.986 342.586 327.312 305.713 277.454 270.972 274.349
713.011 744.684 821.459 961.882 1033.39 1266.11 1391.54 1251.27 1180.08 1211.37 1240.97 1265.09 1293.08 1279.16 1261.65 1220.17 1200.1 1190.24 1162.33 1147.66 1103.76 1080.8 1058.17 1020.33 997.878 971.829 905.104 851.831 835.594 814.266 797.324 783.115 763.137 743.596 726.02 718.182 712.22 716.864 724.401 721.956 684.831 652.245 640.051 612.793 580.407 563.356 564.809 549.073 518.149 509.927 500.781 473.914 447.214 427.316 415.735 375.592 361.443 363.476 410.998 412.482 388.125 361.141 330.255 311.986 299.549 256.245 248.609
716.205 751.208 808.529 870.819 987.968 1066.59 1196.19 1113.68 1157.97 1192.62 1228.4 1255.11 1261.86 1254.27 1218.33 1160.19 1143.42 1120.27 1100.74 1094.93 1077.86 1056.12 1026.13 971.699 933.056 911.517 849.742 825.851 808.393 787.743 780.048 768.187 755.511 731.265 726.526 718.436 704.402 711.094 724.999 727.549 691.362 654.021 623.984 596.851 580.438 568.938 562.808 545.816 528.969 521.333 509.683 480.29 450.596 427.852 405.41 391.257 374.347 341.623 369.61 372.604 351.059 336.493 316.621 293.103 272.436 237.114 239.833
683.99 716.638 752.066 798.895 934.384 990.832 1028.98 1085.95 1123.65 1168.38 1258.55 1307.1 1349.16 1324.42 1271.06 1167.63 1094.74 1075.86 1065.64 1061.45 1034.75 1019.63 989.662 935.146 873.56 862.243 826.14 799.287 791.37 778.217 760.258 759.146 736.471 730.548 721.739 718.789 727.407 704.754 723.681 727.198 677.798 629.648 609.963 608.866 596.531 567.529 553.792 544.087 524.618 532.835 509.187 447.686 417.423 410.162 395.992 373.493 354.569 357.442 323.534 331.137 330.553 317.181 300.965 279.181 265.275 250.946 236.704
675.926 693.897 712.509 802.648 870.565 940.14 1005.3 1031.82 1090.76 1207.2 1386.5 1486.27 1657.14 1594.77 1267.22 1118.38 1049.56 1040.8 1020.28 1006.85 984.793 997.292 942.477 896.471 852.638 842.849 821 798.128 770.147 761.278 758.725 736.105 733.45 716.982 702.538 698.82 692.48 670.141 687.885 692.976 665.409 619.434 615.356 610.226 600.049 582.819 573.066 569.065 564.871 536.585 518.78 492.274 460.383 406.501 358.19 363.688 344.923 329.154 328.742 301.692 309.781 304.61 288.502 274.046 262.112 246.757 246.912
688.707 710.59 802.001 823.176 899.498 971.883 1044.9 1038.45 1175 1315.71 1440.03 1680.15 1668.3 1443.74 1362.23 1205.26 1065.16 1012.61 978.69 947.675 941.36 923.846 911.479 876.665 833.118 800.806 779.592 767.197 740.888 734.871 740.224 715.288 711.632 693.01 688.983 688.601 684.516 665.103 651.314 663.41 667.156 651.042 623.552 612.815 599.95 583.292 581.168 551.613 567.611 541.565 496.421 467.496 437.666 397.496 375.343 331.458 321.456 295.188 293.079 283.237 289.808 281.523 277.693 270.493 252.109 247.081 250.485
672.521 750.765 845.747 827.641 958.476 1074.12 1187.55 1131.67 1253.97 1319.11 1406.4 1536.96 1514.11 1481.66 1300.59 1183.45 915.199 1009.55 1123.71 973.213 887.632 857.51 815.569 810.806 769.453 749.337 726.039 709.648 686.391 682.75 709.111 689.777 691.918 675.546 667.585 679.67 687.203 665.555 642.85 644.476 670.206 669.393 639.767 608.89 592.326 577.204 540.114 532.951 525.239 517.778 483.393 451.767 441.748 425.68 415.204 377.023 327.146 286.95 270.112 275.384 278.161 270.892 270.949 302.419 304.47 248.477 231.022
674.689 744.278 865.95 937.384 976.169 1085.18 1236.95 1163.54 1257.14 1303.14 1361.08 1384.73 1224.89 1204.77 1229.04 1166.99 1029.57 834.017 1066.95 851.968 807.259 739.336 717.166 747.327 720.696 700.838 693.043 660.98 645.509 642.282 659.266 653.993 655.147 663.322 653.499 658.445 676.196 641.595 642.685 645.651 661.02 674.7 668.581 653.468 629.414 599.204 546.56 542.289 539.884 501.068 475.718 449.705 441.413 424.845 412.445 378.076 304.387 297.617 297.538 256.171 277.265 269.067 285.814 339.068 351.792 285.643 237.674
