DATA/MERAPI_1/inidata/topo.grd
DSAA
600 600
   109.00170634175394000    111.99670634175395000
    -8.99658103933285250     -6.00158103933285330
-3805.38 3355.52
[rows 420 to 449 of 600, columns 134 to 200 of 600]
3.47103 4.99856 3.3961 5.16277 8.32584 7.21767 2.00279 5.28525 4.21927 4.6109 4.686 4.05601 3.77903 4.88598 4.8134 2.75327 1.38597 2.92104 3.18521 2.24789 3.44846 5.02185 2.36441 3.03112 5.52381 19.9185 18.5137 2.40421 -6.66752 -17.1173 -29.1797 -42.508 -52.2594 -60.0023 -69.4699 -75.8561 -76.1943 -70.7907 -59.7776 -50.8337 -43.4632 -38.3067 -32.2446 -22.0277 -13.4773 -7.74438 -5.90069 -6.5723 -5.17524 -3.65679 -2.56571 -5.12896 -12.3003 -19.1667 -25.434 -29.408 -33.1497 -39.2831 -43.6236 -45.0729 -42.4077 -36.38 -30.0857 -23.9174 -19.2539 -14.1576 -7.66332
5.73537 4.40002 2.33052 5.74056 5.35977 3.63994 6.1067 4.0505 2.97884 3.33036 3.94973 3.60117 2.78248 3.02544 2.61358 5.09941 1.32531 3.07684 4.2264 1.26668 2.3892 2.11025 -9.49436 2.7404 3.26573 4.52617 5.51776 0.171809 -8.35115 -21.0984 -31.0926 -37.6508 -44.0509 -50.3419 -57.9613 -63.5085 -64.8492 -61.2968 -52.8201 -46.1833 -40.6625 -35.8406 -29.9725 -20.9218 -13.3177 -8.11157 -6.41081 -7.01454 -5.94319 -4.83031 -4.16913 -6.28768 -11.8792 -17.7466 -23.5022 -27.269 -30.6936 -35.7942 -39.1936 -39.9931 -37.4479 -32.2054 -27.02 -21.8529 -17.2659 -12.5227 -7.07901
4.94676 5.9931 3.49217 5.36135 5.69669 6.19384 2.433 3.01278 2.99944 3.30553 3.91074 3.19132 2.99372 1.98051 2.95745 2.50976 1.41085 0.865073 -1.16069 -3.67299 -11.6335 -17.789 -19.9648 -15.3714 -4.47136 -0.46724 -0.523198 -1.78522 -6.0492 -14.6952 -22.7883 -29.7596 -36.3144 -42.3261 -47.8756 -51.7948 -53.3805 -51.5061 -46.038 -40.8489 -35.7478 -31.0768 -25.8146 -18.8073 -12.6979 -8.05104 -6.26422 -6.47224 -5.9414 -5.46815 -5.02904 -6.57789 -10.6597 -15.5835 -20.8121 -24.0538 -26.6611 -30.0748 -32.0572 -32.0122 -29.9895 -26.3101 -22.2741 -17.9329 -13.4523 -9.42677 -5.90521
5.26137 4.60695 5.95143 5.86521 4.83994 3.489 3.53354 2.63953 2.43877 2.72884 2.00381 2.32589 4.80985 2.03226 2.65259 1.21252 -2.28366 -6.03923 -8.81814 -12.3439 -20.7075 -26.6835 -26.9452 -21.979 -12.6674 -7.85898 -5.54969 -3.21797 -3.29057 -7.14605 -13.4277 -21.7653 -28.773 -34.5081 -38.3523 -40.8528 -42.4066 -41.8644 -39.0569 -35.2073 -30.5811 -26.1246 -21.5304 -16.5864 -12.0174 -8.01247 -6.1901 -6.02234 -6.02182 -6.14463 -5.82015 -6.81307 -9.57087 -13.5385 -18.1004 -20.8168 -22.657 -24.4141 -25.1077 -24.4877 -22.9752 -20.6413 -17.6982 -14.2364 -10.0974 -6.83208 -4.92774
3.95657 6.41442 3.2662 4.23204 5.26767 2.35487 1.55967 2.01926 1.97351 3.21711 2.38515 1.13977 0.765427 0.593343 -0.451327 -2.87898 -6.29693 -10.523 -14.3773 -18.3864 -24.1053 -27.257 -25.5735 -21.2772 -14.9309 -10.2623 -6.74026 -3.77439 -2.97272 -5.40663 -10.2561 -17.2229 -23.0391 -27.8432 -31.2874 -33.6393 -35.0751 -35.014 -33.3543 -30.6229 -26.9695 -22.7067 -18.5111 -15.0698 -11.6992 -8.32563 -6.66542 -6.39331 -6.76282 -7.25111 -6.97439 -7.65221 -9.69583 -12.7279 -16.2873 -18.6671 -20.1529 -20.7115 -20.6668 -20.1443 -18.8287 -16.8483 -14.8442 -12.462 -9.03943 -6.29559 -4.74751
2.9538 4.1647 3.44666 3.15044 3.63499 2.63842 2.6366 2.48148 2.76949 1.5947 0.684095 0.0123778 -0.732356 -1.08661 -2.35318 -5.12454 -8.46988 -12.2582 -16.097 -19.7262 -23.0222 -24.2093 -22.1215 -18.9092 -14.8727 -10.9665 -7.37402 -4.33679 -3.20019 -4.9793 -8.80369 -14.4113 -19.1587 -23.1506 -26.0912 -28.1819 -29.5489 -29.7584 -28.7294 -26.7905 -24.0349 -20.582 -17.1854 -14.58 -11.9757 -9.27244 -7.97358 -7.81515 -8.19783 -8.7057 -8.66131 -9.27394 -10.8287 -12.9872 -15.4667 -17.2842 -18.3742 -18.3997 -17.9828 -17.3186 -16.0873 -14.4205 -13.0297 -11.3989 -8.71536 -6.52886 -5.28949
4.86024 5.07055 1.76064 2.81554 2.36076 2.25494 1.66135 1.42599 -0.162942 -0.568338 -0.496291 -1.39783 -2.55154 -2.99481 -3.95392 -5.91023 -8.23289 -10.839 -13.5313 -15.9896 -17.7284 -18.3842 -17.6609 -15.8343 -13.0514 -10.4464 -7.92076 -5.05295 -3.76693 -5.36259 -8.57376 -13.1464 -17.1658 -20.5692 -22.712 -24.2447 -25.6162 -25.9838 -25.2199 -23.7334 -21.7091 -19.7389 -17.6091 -15.1645 -12.8855 -10.8929 -10.1456 -10.3026 -10.3219 -10.4962 -10.8989 -11.6946 -12.9343 -14.3034 -15.6854 -16.6629 -17.2483 -17.4231 -16.9702 -15.8072 -14.5831 -13.3279 -12.1967 -10.9047 -8.9137 -7.34572 -6.53674
2.46011 2.51559 2.99364 2.57064 3.6549 0.932551 0.643091 -0.017962 -1.42368 -2.03435 -2.04306 -2.82014 -3.80445 -4.34814 -5.09332 -6.24946 -7.90213 -9.96514 -11.8559 -13.5122 -14.7772 -15.3403 -14.997 -13.8607 -12.0111 -10.0855 -8.0907 -5.74895 -4.78192 -6.41182 -9.06069 -12.4913 -15.6683 -18.4764 -20.3723 -21.7383 -22.7959 -23.171 -22.7979 -21.6998 -20.1264 -18.8294 -17.3903 -15.4804 -13.817 -12.5541 -12.1507 -12.344 -12.2556 -12.3253 -12.8345 -13.6733 -14.8331 -15.8413 -16.6266 -16.8688 -16.8047 -16.6918 -16.1888 -15.1959 -14.2591 -13.3492 -12.3036 -11.1039 -9.56705 -8.36375 -7.69605
0.849615 0.256655 0.0723548 0.105545 -0.377507 -0.928761 -0.821023 -1.19546 -2.47114 -3.32565 -3.80568 -4.36767 -4.94475 -5.51876 -6.07447 -6.54944 -7.77777 -9.6443 -10.9672 -12.0664 -13.4228 -14.0797 -13.514 -12.5924 -11.3835 -9.75984 -8.01723 -6.44296 -6.07661 -7.81145 -9.97053 -12.3477 -14.7177 -16.9788 -18.8961 -20.2843 -20.9143 -21.2107 -21.2097 -20.4292 -19.1349 -17.9856 -16.8308 -15.5969 -14.6458 -14.0584 -13.8558 -13.9301 -13.8702 -13.9756 -14.4592 -15.3071 -16.5336 -17.4349 -17.9312 -17.6007 -16.9255 -16.3704 -15.8063 -15.2322 -14.6872 -14.0979 -13.0756 -11.8642 -10.6383 -9.64084 -8.93843
-0.23928 -0.99343 -1.24593 -1.16993 -1.61429 -2.17002 -2.40273 -2.83764 -3.6424 -4.52523 -5.45616 -6.39073 -7.14493 -7.32252 -7.54311 -8.01762 -9.0666 -10.5773 -11.5941 -12.3331 -13.0716 -13.1829 -12.2703 -11.4335 -10.709 -9.37325 -7.94456 -7.21939 -7.37915 -8.77836 -10.4722 -12.3397 -14.2967 -16.2071 -17.7621 -18.9101 -19.5298 -19.8677 -19.9409 -19.4305 -18.4743 -17.3296 -16.2324 -15.4055 -14.903 -14.7502 -14.6994 -14.7214 -14.5886 -14.7262 -15.5669 -16.6303 -17.817 -18.4496 -18.5506 -18.1088 -17.4236 -16.8537 -16.1413 -15.2165 -14.7642 -14.6143 -13.8899 -12.9656 -12.1479 -11.3904 -10.657
-1.44648 -2.05459 -2.25131 -2.19305 -2.63493 -3.27208 -3.86443 -4.44369 -4.97909 -5.89143 -7.11963 -8.39705 -9.41292 -9.49108 -9.59643 -10.083 -10.9541 -12.1061 -12.7723 -13.0909 -13.1796 -12.7021 -11.3769 -10.4723 -10.0174 -9.05217 -8.06529 -7.83284 -8.21644 -9.29463 -10.7708 -12.5774 -14.3025 -15.8914 -17.1467 -18.0803 -18.6594 -18.9118 -18.8365 -18.5256 -17.9394 -16.8707 -15.832 -15.2195 -14.9503 -15.027 -15.0486 -15.0474 -14.9609 -15.2309 -16.3698 -17.6614 -18.9474 -19.4398 -19.2536 -18.7351 -18.0639 -17.5712 -16.7533 -15.4394 -14.976 -15.1346 -14.7607 -14.1905 -13.6368 -13.0616 -12.4303
-3.06884 -3.25218 -3.28513 -3.2706 -3.71611 -4.35057 -4.89124 -5.60739 -6.57704 -7.665 -8.84409 -10.0415 -11.1489 -12.0221 -12.5329 -12.5464 -13.0293 -13.8764 -13.8441 -13.3885 -13.1254 -12.3481 -10.6191 -9.48973 -9.03944 -8.73412 -8.51138 -7.96924 -7.96239 -9.00798 -10.7595 -13.1006 -14.6863 -15.8436 -17.1749 -18.1245 -18.3274 -18.1532 -17.6657 -17.469 -17.3365 -16.6814 -15.9304 -15.3133 -15.0144 -15.0858 -15.0775 -15.0903 -15.351 -15.9526 -17.0435 -18.4808 -20.2407 -20.9133 -20.6344 -19.731 -18.6891 -18.227 -17.4547 -16.1046 -15.5759 -15.6915 -15.6056 -15.3407 -14.6772 -14.1382 -13.895
-4.78749 -4.73173 -4.68096 -4.70569 -5.15961 -5.78605 -6.26446 -7.03651 -8.25645 -9.43731 -10.5707 -11.6751 -12.8289 -14.3103 -15.2533 -15.223 -15.4683 -15.937 -15.6764 -15.0205 -14.414 -13.328 -11.3945 -10.1733 -9.74722 -9.64255 -9.62396 -8.88193 -8.67783 -9.74681 -11.4648 -13.6914 -15.1566 -16.152 -17.1733 -17.8293 -17.8737 -17.5159 -16.81 -16.6604 -16.7486 -16.31 -15.708 -15.0721 -14.7397 -14.7908 -14.7607 -14.7829 -15.2261 -16.0029 -17.0874 -18.5199 -20.3144 -21.1325 -21.0518 -20.1814 -19.0572 -18.3606 -17.5167 -16.3661 -15.9875 -16.2316 -16.4208 -16.4833 -16.0977 -15.8692 -16.0055
-6.55633 -6.50936 -6.47098 -6.51122 -6.9705 -7.59233 -8.056 -8.80314 -9.98656 -11.1537 -12.2911 -13.3498 -14.5272 -16.2889 -17.6123 -18.0522 -18.2545 -18.2749 -18.3221 -18.1129 -17.1648 -15.7567 -13.8518 -12.6984 -12.3267 -11.8862 -11.4299 -10.6983 -10.5806 -11.714 -13.0155 -14.3566 -15.6837 -16.7905 -17.0676 -17.0888 -17.2179 -16.9641 -16.2911 -16.1302 -16.178 -15.703 -15.0757 -14.4398 -14.1094 -14.1605 -14.1329 -14.154 -14.5647 -15.3184 -16.4685 -17.735 -19.0452 -19.9222 -20.3104 -19.9361 -19.077 -17.904 -16.8721 -16.1341 -16.1459 -16.7484 -17.2149 -17.6432 -18.0014 -18.3966 -18.8657
-8.35229 -8.32301 -8.11629 -7.87524 -8.25273 -8.94357 -9.67932 -10.6087 -11.7711 -12.8917 -13.9958 -15.2569 -16.6974 -18.5309 -20.0347 -20.9072 -21.2089 -21.0363 -21.1352 -21.0777 -20.2391 -18.9985 -17.408 -16.1128 -15.1517 -14.2762 -13.4725 -12.4165 -12.2221 -13.7622 -15.0573 -15.9037 -16.7591 -17.439 -17.5317 -17.3088 -16.877 -16.3309 -15.7138 -15.5862 -15.6539 -15.1454 -14.4916 -13.8868 -13.5768 -13.6253 -13.5975 -13.6183 -14.0477 -14.7522 -15.6991 -16.6534 -17.547 -18.3442 -18.8974 -18.5622 -17.8112 -17.0031 -16.3393 -15.9017 -16.1962 -17.1043 -18.1028 -19.1862 -20.2786 -21.2621 -22.0893
-10.0287 -10.0357 -9.60874 -8.98861 -9.25594 -10.0402 -11.1422 -12.3194 -13.4579 -14.5592 -15.6878 -17.254 -19.0207 -20.7979 -22.3452 -23.561 -24.0583 -23.9255 -23.9666 -23.9057 -23.4403 -22.6506 -21.5357 -20.0553 -18.2844 -16.9864 -15.9239 -14.4558 -14.0926 -16.0115 -17.3662 -17.8588 -18.0346 -17.9877 -18.1219 -17.8453 -16.6417 -15.6746 -15.1264 -14.995 -15.0375 -14.5523 -13.9177 -13.2851 -12.9575 -13.0086 -12.9814 -13.0019 -13.4722 -14.1046 -14.6849 -15.2644 -15.8409 -16.4945 -17.0411 -16.6295 -16.0242 -15.9838 -15.9746 -15.8596 -16.4709 -17.7308 -19.3093 -21.0664 -22.8239 -24.348 -25.5517
-11.1129 -11.2214 -10.7831 -10.0723 -10.3525 -11.1886 -12.3346 -13.5288 -14.6336 -15.9349 -17.4303 -19.11 -20.8774 -22.6563 -24.1927 -25.3751 -26.066 -26.306 -26.4027 -26.3377 -26.1735 -25.7482 -25.0076 -23.6237 -21.6833 -20.3519 -19.2967 -17.8088 -17.251 -18.6723 -19.4551 -19.3268 -18.798 -18.0778 -17.8513 -17.3775 -16.0898 -15.1053 -14.5843 -14.1838 -13.8971 -13.7519 -13.3983 -12.3973 -11.8543 -11.982 -11.9492 -11.9246 -12.4646 -13.0619 -13.2449 -13.5585 -14.1196 -14.7247 -15.2871 -15.3957 -15.4275 -15.7369 -16.1507 -16.6188 -17.9008 -19.8203 -21.5038 -23.242 -25.3405 -27.2899 -28.9709
-12.2854 -12.3109 -11.9376 -11.3775 -11.6039 -12.3304 -13.4436 -14.6189 -15.6987 -17.1761 -18.9836 -20.7035 -22.408 -24.1777 -25.7312 -26.9546 -27.834 -28.372 -28.5038 -28.438 -28.5776 -28.5161 -28.1256 -26.9939 -25.1951 -23.8415 -22.7122 -21.4422 -20.7661 -21.2996 -21.255 -20.4484 -19.3003 -18.0428 -17.3844 -16.6756 -15.4637 -14.553 -14.0476 -13.4313 -12.863 -12.8835 -12.656 -11.3567 -10.5783 -10.6195 -10.6332 -10.7199 -11.2191 -11.6745 -11.5863 -11.7596 -12.3826 -12.9596 -13.5191 -14.1687 -14.8387 -15.39 -16.2541 -17.5507 -19.5591 -22.0593 -23.9457 -25.7749 -28.1815 -30.4078 -32.283
-14.0138 -13.5438 -13.2838 -13.2176 -13.1691 -13.4657 -14.599 -15.8327 -16.9075 -18.4013 -20.241 -21.968 -23.6683 -25.3928 -27.0745 -28.7305 -29.7747 -30.2206 -30.2708 -30.2125 -30.6825 -31.019 -30.9903 -30.2656 -28.8675 -27.257 -25.6939 -24.8869 -24.2701 -23.659 -22.635 -21.1602 -19.5867 -18.0555 -17.035 -16.0774 -14.8664 -13.9927 -13.5293 -12.9629 -12.3786 -12.0375 -11.4715 -10.1836 -9.2268 -8.81276 -8.99699 -9.55797 -9.7824 -9.85797 -9.76745 -9.99035 -10.6608 -11.1808 -11.6614 -12.5552 -13.5771 -14.3245 -15.7816 -18.254 -20.9143 -23.687 -26.2636 -28.8242 -31.6996 -34.0171 -35.5099
-15.4686 -14.7776 -14.441 -14.4119 -14.3881 -14.6575 -15.6028 -16.7214 -17.8451 -19.224 -20.829 -22.5055 -24.2291 -25.931 -27.6734 -29.5289 -30.7502 -31.3474 -31.5661 -31.6826 -32.3235 -32.8233 -32.9449 -32.3911 -31.1727 -29.5832 -28.0018 -27.4631 -26.8235 -25.5031 -23.8307 -21.8518 -19.9117 -18.0958 -16.7138 -15.5089 -14.325 -13.3776 -12.6934 -12.0997 -11.5635 -11.009 -10.304 -9.25132 -8.34533 -7.69699 -7.82665 -8.41776 -8.45355 -8.34832 -8.29285 -8.46315 -8.92236 -9.58873 -10.4753 -11.655 -12.9956 -14.1974 -16.2349 -19.4313 -22.4475 -25.3107 -28.2549 -31.2183 -34.3583 -36.6445 -37.7051
-16.5581 -15.9709 -15.3683 -14.8849 -15.187 -15.8463 -16.4078 -17.2355 -18.4366 -19.5945 -20.7604 -22.3424 -24.111 -25.8169 -27.5396 -29.3181 -30.7222 -31.7394 -32.3757 -32.822 -33.464 -33.8899 -33.963 -33.3369 -32.0533 -30.7822 -29.6251 -29.1222 -28.3528 -26.7884 -24.8312 -22.5401 -20.2788 -18.1345 -16.3884 -14.9401 -13.8062 -12.6888 -11.5541 -10.8266 -10.3551 -9.79411 -9.20226 -8.56328 -7.92709 -7.31241 -7.15451 -7.29951 -7.28113 -7.24001 -7.22813 -7.21803 -7.20133 -8.1996 -9.95877 -11.503 -13.1745 -15.1031 -17.6993 -21.1339 -24.2165 -27.0132 -29.9153 -32.8435 -36.0024 -38.1512 -38.8153
-17.2837 -16.7211 -16.0656 -15.4587 -15.5855 -16.0759 -16.5811 -17.2671 -18.1558 -19.3088 -20.7124 -22.3418 -24.0892 -25.7958 -27.5135 -29.2713 -30.7445 -31.9104 -32.6721 -33.2028 -33.7859 -34.2485 -34.5857 -34.2364 -33.2125 -32.0547 -30.9196 -30.4871 -29.5415 -27.3006 -24.9631 -22.6459 -20.1425 -17.6435 -15.5294 -13.8388 -12.7219 -11.7439 -10.8368 -9.96241 -9.16143 -8.55042 -8.01699 -7.49243 -6.92932 -6.32017 -6.06415 -6.09931 -6.31007 -6.52449 -6.56428 -6.36128 -5.87575 -6.80599 -8.85057 -10.8989 -13.2149 -15.8343 -19.1222 -23.2367 -26.6321 -29.3786 -31.8066 -34.1629 -37.0803 -39.0968 -39.6942
-17.7912 -17.2224 -16.6143 -16.0486 -15.8751 -16.0342 -16.5737 -17.1585 -17.6247 -18.8335 -20.6649 -22.3817 -24.0892 -25.7963 -27.5158 -29.2806 -30.7154 -31.8039 -32.5111 -33.0129 -33.5837 -34.1722 -34.8575 -34.8753 -34.1987 -33.1525 -31.998 -31.643 -30.5185 -27.5491 -24.8803 -22.691 -19.9887 -17.1182 -14.6429 -12.6941 -11.5096 -10.714 -10.2273 -9.25265 -8.08216 -7.42834 -6.91775 -6.34905 -5.75894 -5.15063 -4.89773 -4.9876 -5.52132 -6.03982 -6.11773 -5.7791 -4.99023 -5.70667 -7.7103 -10.2817 -13.3346 -16.5806 -20.4995 -25.2717 -28.9413 -31.5819 -33.4702 -35.1512 -37.6114 -39.3919 -40.0245
-18.3632 -17.7943 -17.1642 -16.6013 -16.7648 -17.1843 -17.3424 -17.6406 -18.163 -19.2039 -20.7025 -22.3437 -24.0906 -25.839 -27.5955 -29.3921 -30.6313 -31.3429 -31.8931 -32.4344 -33.387 -34.2719 -34.9376 -34.8981 -34.1923 -33.6779 -33.2072 -32.936 -31.7076 -28.5608 -25.8665 -23.8028 -20.8417 -17.5166 -14.7393 -12.5142 -11.043 -9.91033 -9.04804 -8.1745 -7.36309 -6.79763 -6.28216 -5.66919 -5.05088 -4.44609 -4.18912 -4.2824 -4.88586 -5.46951 -5.51312 -5.29624 -4.85083 -5.6696 -7.64241 -10.4666 -13.8878 -17.5692 -21.6233 -26.0968 -29.3975 -31.7008 -33.8849 -35.8298 -37.6393 -38.8005 -39.1356
-18.9359 -18.3679 -17.7209 -17.1532 -17.5103 -18.095 -18.0953 -18.2413 -18.7251 -19.5594 -20.7389 -22.3197 -24.0871 -25.732 -27.4245 -29.2666 -30.35 -30.7488 -31.292 -31.9808 -33.1021 -34.1295 -34.8643 -34.8621 -34.198 -34.1292 -34.1993 -33.9454 -32.7363 -29.9023 -27.2583 -24.9458 -21.8441 -18.3671 -15.1776 -12.5033 -10.6644 -9.23571 -8.16615 -7.46162 -6.9908 -6.36731 -5.75753 -5.25311 -4.70102 -4.08116 -3.82892 -3.91823 -4.40232 -4.86805 -4.87384 -4.79283 -4.69053 -5.60271 -7.54167 -10.6979 -14.5548 -18.6246 -22.7398 -26.831 -29.7884 -31.8353 -34.1465 -36.1645 -37.3849 -37.9656 -37.9301
-19.5062 -18.9438 -18.3008 -17.6916 -17.6554 -17.9463 -18.4235 -18.7637 -18.7855 -19.4546 -20.7291 -22.3621 -24.0739 -25.3168 -26.7504 -28.6956 -29.7959 -30.1489 -31.0368 -32.0582 -32.7257 -33.5083 -34.6922 -35.1217 -34.8004 -34.8117 -34.8157 -34.4348 -33.4165 -31.5207 -28.8853 -25.5791 -22.5681 -19.5321 -15.6288 -12.1505 -9.94736 -8.5911 -8.03308 -7.53632 -7.02035 -5.99706 -5.14106 -5.05592 -4.75223 -4.05827 -3.80976 -3.88981 -4.02468 -4.15188 -4.15235 -4.09413 -3.98194 -4.81091 -6.72747 -10.5355 -15.1878 -19.7185 -24.0451 -28.0796 -31.0659 -33.1261 -34.838 -36.1083 -36.952 -37.2253 -36.8739
-20.0823 -19.4538 -18.9208 -18.5135 -18.3389 -18.4243 -18.9317 -19.2433 -19.09 -19.5766 -20.6869 -22.3274 -24.0699 -25.1875 -26.3603 -27.8608 -28.8829 -29.4974 -30.5939 -31.7743 -32.4568 -33.2111 -34.3387 -34.9627 -35.0575 -35.1199 -35.0438 -34.7974 -34.0356 -32.5687 -30.0207 -26.4397 -23.4938 -20.6729 -16.8702 -13.2506 -10.4316 -8.77575 -8.3414 -7.75841 -7.03466 -5.78905 -4.83144 -4.92656 -4.83382 -4.33259 -4.15194 -4.18518 -4.14653 -4.11136 -4.11064 -4.05197 -3.906 -4.83765 -6.95681 -10.9532 -15.7359 -20.2291 -24.6161 -28.8955 -32.0379 -34.1091 -35.3463 -36.058 -36.7979 -36.8286 -35.8817
-20.6773 -19.9643 -19.65 -19.6595 -19.6404 -19.6517 -19.7173 -19.7563 -19.7179 -20.0086 -20.6939 -22.2582 -24.0744 -25.3346 -26.2729 -26.8602 -27.7169 -28.8429 -29.9792 -31.1263 -32.2919 -33.2459 -33.8392 -34.4027 -34.9303 -35.0579 -34.9615 -35.1017 -34.6239 -33.0176 -30.6356 -27.5606 -24.6538 -21.7887 -18.8719 -15.7779 -12.1744 -9.85383 -9.06683 -8.09103 -7.03028 -5.76926 -4.86817 -4.88032 -4.93345 -4.86765 -4.82499 -4.80138 -4.79143 -4.78932 -4.78921 -4.71569 -4.5404 -5.75598 -8.27619 -11.9879 -16.2395 -20.2274 -24.5136 -29.2651 -32.6242 -34.6619 -35.6253 -36.0543 -36.9151 -36.7436 -34.973
-21.3691 -21.2009 -21.1613 -21.2204 -21.2343 -21.2245 -21.211 -21.0787 -20.7537 -20.9159 -21.5608 -22.6793 -23.9483 -24.8853 -25.7132 -26.4532 -27.4474 -28.6711 -29.8172 -30.8988 -31.8747 -32.7529 -33.5311 -34.2094 -34.7793 -35.1542 -35.3606 -35.604 -35.1381 -33.4405 -31.2134 -28.5602 -25.9606 -23.3365 -20.6479 -17.7314 -14.2817 -11.7004 -10.194 -8.7397 -7.40201 -6.09588 -5.2388 -5.27044 -5.3589 -5.34871 -5.54021 -5.8283 -5.87543 -5.84708 -5.8507 -5.75958 -5.53917 -6.8364 -9.49894 -13.1484 -17.266 -21.1581 -25.32 -29.9066 -33.0459 -34.842 -35.731 -36.0936 -36.7015 -36.2563 -34.2203
-22.2309 -22.8507 -23.0853 -23.0175 -23.0126 -23.0151 -23.0843 -22.8558 -22.1437 -22.1906 -22.8863 -23.4685 -24.0397 -24.5421 -25.291 -26.4463 -27.6043 -28.7437 -29.9396 -31.0203 -31.5688 -32.2645 -33.4843 -34.3651 -34.8779 -35.4849 -35.9982 -36.2631 -35.7713 -34.0796 -32.0094 -29.6735 -27.4337 -25.1171 -22.3434 -19.437 -16.5248 -13.9099 -11.659 -9.72465 -8.11428 -6.76622 -5.93599 -5.92983 -5.98301 -5.95043 -6.3518 -6.96321 -7.06245 -7.00139 -7.0008 -6.92712 -6.75296 -8.01245 -10.5908 -14.2571 -18.4294 -22.4114 -26.4615 -30.6496 -33.3821 -34.8138 -35.6616 -36.0182 -36.2571 -35.5994 -33.6804
