DATA/MERAPI_1/inidata/topo.grd
DSAA
600 600
   109.00170634175394000    111.99670634175395000
    -8.99658103933285250     -6.00158103933285330
-3805.38 3355.52
[rows 30 to 59 of 600, columns 0 to 66 of 600]
-3650 -3641.38 -3631.74 -3622.16 -3612.74 -3603.52 -3594.11 -3585.1 -3578.31 -3572.45 -3566.74 -3561.13 -3555.61 -3552.39 -3551.2 -3551.47 -3552.49 -3553.52 -3554.28 -3554.61 -3556.17 -3558.68 -3561.07 -3563.3 -3565.31 -3566.42 -3566.4 -3565.83 -3564.65 -3562.49 -3559.46 -3555.54 -3551.43 -3547.43 -3543.51 -3539.69 -3536.16 -3532.77 -3529.29 -3526.13 -3523.49 -3520.96 -3518.56 -3516.71 -3515 -3512.66 -3510.39 -3508.5 -3506.88 -3505.47 -3503.8 -3501.75 -3498.85 -3495.65 -3492.42 -3489.26 -3486.18 -3482.44 -3478.32 -3474.53 -3470.58 -3466.11 -3461.84 -3457.92 -3454.09 -3450.36 -3446.62
-3651.17 -3642.49 -3633.01 -3623.9 -3614.49 -3604.77 -3595.22 -3586.29 -3579.55 -3573.73 -3568.06 -3562.29 -3556.34 -3552.94 -3551.81 -3552.5 -3553.82 -3554.46 -3554.95 -3555.34 -3556.94 -3559.45 -3561.8 -3564 -3565.97 -3567.06 -3567.04 -3566.4 -3565.14 -3563.25 -3560.56 -3556.64 -3552.49 -3548.46 -3544.77 -3541.37 -3537.97 -3534.57 -3531.01 -3527.93 -3525.72 -3523.13 -3520.22 -3518.27 -3516.66 -3514.45 -3512.15 -3509.91 -3507.71 -3505.55 -3503.46 -3501.18 -3498.04 -3494.46 -3490.57 -3486.67 -3482.8 -3478.81 -3474.84 -3471.38 -3467.84 -3463.78 -3459.69 -3455.66 -3452 -3448.59 -3445.15
-3651.94 -3643.42 -3634.23 -3625.51 -3616.37 -3606.75 -3597.47 -3588.82 -3581.86 -3575.66 -3569.62 -3563.75 -3558.06 -3554.78 -3553.66 -3554.18 -3555.3 -3555.84 -3556.45 -3557.2 -3558.71 -3560.84 -3563.21 -3565.45 -3567.1 -3568 -3568.04 -3567.42 -3566.15 -3564.29 -3561.72 -3558.11 -3554.16 -3550.06 -3546.4 -3543.11 -3539.43 -3535.76 -3532.49 -3529.7 -3527.54 -3525.11 -3522.42 -3520.32 -3518.38 -3515.9 -3513.42 -3511.18 -3508.77 -3506.17 -3503.56 -3500.68 -3496.91 -3492.77 -3488.48 -3484.15 -3479.81 -3475.69 -3471.82 -3468.4 -3465.02 -3461.34 -3457.58 -3453.77 -3450.45 -3447.4 -3443.95
-3652.36 -3644.22 -3635.45 -3626.98 -3618.2 -3609.05 -3600.18 -3591.81 -3584.66 -3578.13 -3571.74 -3565.87 -3560.62 -3557.49 -3556.26 -3556.44 -3557.24 -3557.72 -3558.49 -3559.63 -3561.1 -3562.89 -3565.16 -3567.28 -3568.6 -3569.26 -3569.27 -3568.63 -3567.37 -3565.45 -3562.88 -3559.61 -3555.91 -3551.86 -3548.2 -3544.86 -3540.92 -3537.02 -3534.01 -3531.43 -3529.19 -3526.94 -3524.68 -3522.45 -3520.11 -3517.22 -3514.47 -3512.27 -3509.75 -3506.85 -3503.65 -3500.04 -3495.58 -3490.89 -3486.31 -3481.72 -3477.13 -3472.9 -3469.01 -3465.51 -3462.16 -3458.76 -3455.34 -3451.92 -3448.93 -3446.13 -3442.71
-3652.38 -3644.95 -3636.77 -3628.1 -3619.54 -3611.19 -3602.51 -3594 -3587.13 -3580.97 -3574.91 -3569.21 -3563.93 -3560.53 -3558.92 -3559.13 -3559.96 -3560.06 -3560.58 -3561.74 -3563.52 -3565.71 -3567.49 -3568.99 -3570.35 -3570.93 -3570.53 -3569.76 -3568.58 -3566.67 -3564.11 -3560.81 -3557.24 -3553.54 -3550.02 -3546.64 -3543.02 -3539.39 -3536.02 -3533.14 -3530.95 -3528.73 -3526.44 -3524.26 -3521.91 -3518.68 -3515.54 -3513.03 -3510.22 -3507 -3503.22 -3498.93 -3494.09 -3489.08 -3484.14 -3479.4 -3474.89 -3470.38 -3466.07 -3462.52 -3459.22 -3455.83 -3452.63 -3449.63 -3446.68 -3443.8 -3440.99
-3652.33 -3645.31 -3637.58 -3629.23 -3621.11 -3613.36 -3605.01 -3596.66 -3590.02 -3584.15 -3578.5 -3573.09 -3567.89 -3564.38 -3562.5 -3562.48 -3563.09 -3562.93 -3563.29 -3564.44 -3566.38 -3568.74 -3569.9 -3570.69 -3571.95 -3572.44 -3571.79 -3570.84 -3569.56 -3567.63 -3565.07 -3561.69 -3558.23 -3554.96 -3551.6 -3548.16 -3544.77 -3541.4 -3537.9 -3534.84 -3532.51 -3530.29 -3528.13 -3525.91 -3523.42 -3520.01 -3516.62 -3513.74 -3510.6 -3507.09 -3502.71 -3497.74 -3492.55 -3487.27 -3481.97 -3477.01 -3472.44 -3467.81 -3463.38 -3459.83 -3456.5 -3452.93 -3449.72 -3446.96 -3444.21 -3441.58 -3439.38
-3652.38 -3645.16 -3637.58 -3630.49 -3623.19 -3615.6 -3607.84 -3600.21 -3593.6 -3587.67 -3582.35 -3577.31 -3572.49 -3569.2 -3567.31 -3566.59 -3566.5 -3566.38 -3566.86 -3568.06 -3569.83 -3571.79 -3572.27 -3572.36 -3573.21 -3573.53 -3573 -3571.87 -3570.19 -3568.18 -3565.65 -3562.2 -3558.85 -3556.03 -3552.85 -3549.34 -3545.88 -3542.53 -3539.47 -3536.57 -3533.74 -3531.55 -3529.87 -3527.43 -3524.48 -3521.13 -3517.72 -3514.5 -3511.05 -3507.25 -3502.28 -3496.61 -3491.02 -3485.42 -3479.79 -3474.47 -3469.51 -3465.05 -3461.06 -3457.6 -3454.14 -3450.14 -3446.65 -3443.86 -3441.64 -3439.83 -3438.05
-3652.05 -3645.24 -3638.03 -3631.32 -3624.46 -3617.38 -3610.3 -3603.37 -3597 -3591.24 -3586.27 -3581.59 -3577.12 -3573.81 -3571.63 -3570.65 -3570.33 -3570.03 -3570.33 -3571.38 -3572.71 -3574.06 -3574.26 -3574.14 -3574.61 -3574.62 -3573.91 -3572.47 -3570.4 -3568.29 -3565.84 -3562.62 -3559.41 -3556.49 -3553.41 -3550.14 -3546.67 -3543.31 -3540.66 -3537.99 -3534.94 -3532.72 -3531.23 -3528.9 -3525.98 -3522.5 -3518.85 -3515.32 -3511.41 -3507.02 -3501.52 -3495.43 -3489.73 -3484.01 -3478.06 -3472.34 -3466.95 -3462.63 -3459.06 -3455.64 -3452.1 -3447.96 -3444.38 -3441.56 -3439.53 -3438.06 -3436.6
-3651.36 -3645.38 -3638.69 -3631.77 -3625.1 -3618.8 -3612.43 -3606.13 -3600.17 -3594.74 -3590.09 -3585.77 -3581.68 -3578.24 -3575.63 -3574.69 -3574.39 -3573.73 -3573.66 -3574.36 -3575.07 -3575.71 -3575.86 -3575.83 -3576 -3575.65 -3574.56 -3572.76 -3570.38 -3568.16 -3565.8 -3563.01 -3559.91 -3556.47 -3553.39 -3550.58 -3547.19 -3543.83 -3541.51 -3539.11 -3536.1 -3533.84 -3532.28 -3530.31 -3527.77 -3523.98 -3519.92 -3516.1 -3511.67 -3506.54 -3500.6 -3494.28 -3488.63 -3482.88 -3476.59 -3470.5 -3464.75 -3460.58 -3457.39 -3454.03 -3450.47 -3446.36 -3442.8 -3439.99 -3437.87 -3436.34 -3435.14
-3650.48 -3644.84 -3638.55 -3632.14 -3626.07 -3620.46 -3614.58 -3608.63 -3603.05 -3597.86 -3593.13 -3589.07 -3585.74 -3582.77 -3580.31 -3578.93 -3578.03 -3576.99 -3576.59 -3577.01 -3577.39 -3577.62 -3577.19 -3576.67 -3576.79 -3576.45 -3575.34 -3573.46 -3570.97 -3568.72 -3566.38 -3563.72 -3560.52 -3556.61 -3553.35 -3550.66 -3547.5 -3544.4 -3542.14 -3539.85 -3537.14 -3535.03 -3533.48 -3531.64 -3529.16 -3524.97 -3520.44 -3516.23 -3511.6 -3506.46 -3500.29 -3493.61 -3487.43 -3481.17 -3474.47 -3468.24 -3462.66 -3458.77 -3455.93 -3452.95 -3449.52 -3445 -3441.21 -3438.47 -3436.34 -3434.81 -3434.02
-3648.94 -3643.61 -3637.76 -3632.09 -3626.76 -3621.81 -3616.34 -3610.65 -3605.41 -3600.5 -3595.8 -3592.01 -3589.31 -3586.86 -3584.68 -3582.77 -3581.16 -3579.87 -3579.18 -3579.19 -3579.26 -3579.2 -3578.11 -3576.99 -3577.06 -3576.74 -3575.6 -3573.77 -3571.4 -3569.18 -3566.82 -3564.14 -3560.84 -3556.69 -3553.29 -3550.57 -3547.71 -3544.98 -3542.66 -3540.43 -3538.15 -3536.21 -3534.55 -3532.62 -3530.04 -3525.72 -3521 -3516.49 -3511.71 -3506.55 -3500.18 -3493.1 -3486.19 -3479.28 -3472.23 -3466.13 -3461.16 -3457.67 -3455.13 -3452.5 -3449.27 -3444.55 -3440.59 -3437.8 -3435.64 -3434.13 -3433.48
-3646.13 -3641.44 -3636.25 -3631.28 -3626.64 -3622.37 -3617.32 -3611.87 -3606.87 -3602.34 -3598.45 -3595.11 -3592.3 -3589.88 -3587.75 -3585.48 -3583.55 -3582.36 -3581.43 -3580.62 -3580.2 -3579.91 -3578.46 -3576.97 -3576.76 -3576.12 -3574.54 -3572.81 -3570.93 -3568.81 -3566.4 -3563.64 -3560.43 -3556.65 -3553.33 -3550.48 -3547.92 -3545.56 -3543.18 -3541.03 -3539.25 -3537.34 -3535.24 -3532.83 -3529.99 -3526.34 -3522.21 -3517.75 -3512.56 -3506.58 -3499.81 -3492.47 -3484.9 -3477.49 -3470.39 -3464.82 -3460.97 -3457.94 -3455.46 -3452.78 -3449.71 -3445.84 -3442.15 -3438.82 -3436.59 -3435.19 -3433.91
-3642.85 -3638.87 -3634.34 -3629.87 -3625.81 -3622.23 -3617.71 -3612.69 -3608.18 -3604.13 -3600.7 -3597.65 -3594.92 -3592.41 -3590.07 -3587.63 -3585.54 -3584.29 -3583.13 -3581.89 -3581 -3580.25 -3578.61 -3576.93 -3576.2 -3575.13 -3573.33 -3571.57 -3569.79 -3567.67 -3565.27 -3562.6 -3559.62 -3556.25 -3553.28 -3550.7 -3548.36 -3546.16 -3543.93 -3541.9 -3540.19 -3538.18 -3535.81 -3533.09 -3530.1 -3527.07 -3523.47 -3519.05 -3513.6 -3507.11 -3499.9 -3492.1 -3483.74 -3475.72 -3468.47 -3463.37 -3460.58 -3458.5 -3456.76 -3454.12 -3451.08 -3447.75 -3444.33 -3440.91 -3438.51 -3436.8 -3434.92
-3639.28 -3636 -3632.11 -3627.86 -3624.23 -3621.37 -3617.54 -3613.2 -3609.5 -3606.01 -3602.46 -3599.48 -3597.2 -3594.55 -3591.72 -3589.3 -3587.24 -3585.59 -3584.23 -3583.13 -3581.81 -3580.3 -3578.65 -3576.97 -3575.44 -3573.87 -3572.23 -3570.24 -3567.97 -3565.71 -3563.41 -3561.09 -3558.48 -3555.42 -3553.07 -3551.31 -3549.08 -3546.79 -3545.01 -3543.13 -3540.91 -3538.65 -3536.34 -3533.6 -3530.65 -3527.97 -3524.64 -3520.19 -3514.74 -3508.29 -3500.65 -3492.09 -3482.76 -3473.96 -3466.36 -3461.52 -3459.64 -3459.11 -3459.03 -3456.64 -3453.44 -3450.02 -3446.82 -3443.98 -3441.27 -3438.72 -3436.45
-3636.34 -3633.22 -3629.6 -3625.91 -3622.81 -3620.4 -3617.2 -3613.53 -3610.13 -3606.81 -3603.42 -3600.71 -3598.83 -3596.4 -3593.64 -3591.07 -3588.71 -3586.65 -3585.11 -3584.18 -3582.43 -3580.09 -3578.1 -3576.26 -3574.51 -3572.7 -3570.77 -3568.76 -3566.65 -3564.34 -3562.03 -3560.08 -3557.76 -3554.74 -3552.57 -3551.12 -3549.12 -3547.01 -3545.34 -3543.55 -3541.41 -3539.32 -3537.26 -3534.81 -3532.06 -3529.23 -3525.81 -3521.55 -3516.52 -3510.62 -3502.54 -3492.82 -3481.77 -3471.17 -3461.81 -3457.21 -3457.79 -3460.01 -3462.39 -3460.2 -3456.53 -3452.89 -3449.45 -3446.32 -3443.01 -3439.77 -3437.37
-3633.42 -3630.22 -3626.68 -3623.73 -3621.16 -3618.97 -3616.33 -3613.33 -3609.93 -3606.56 -3603.55 -3601.21 -3599.62 -3597.62 -3595.24 -3592.44 -3589.65 -3587.24 -3585.53 -3584.64 -3582.5 -3579.48 -3577.03 -3574.93 -3573.29 -3571.41 -3569.05 -3567.11 -3565.47 -3563.25 -3560.97 -3559.35 -3557.26 -3554.21 -3551.95 -3550.39 -3548.68 -3546.94 -3545.22 -3543.5 -3541.78 -3540.08 -3538.38 -3536.34 -3533.87 -3530.64 -3526.98 -3523.08 -3518.71 -3513.64 -3505.22 -3494.18 -3480.78 -3467.57 -3455.43 -3451.18 -3455.56 -3461.31 -3466.52 -3464.42 -3460.03 -3456.07 -3452.09 -3448.16 -3444.1 -3440.25 -3437.74
-3628.63 -3626 -3623.05 -3620.56 -3618.17 -3615.86 -3613.72 -3611.52 -3608.46 -3605.33 -3602.68 -3600.54 -3598.94 -3596.97 -3594.64 -3591.85 -3589.04 -3586.61 -3584.56 -3582.93 -3580.66 -3577.96 -3575.59 -3573.39 -3571.33 -3569.32 -3567.32 -3565.29 -3563.27 -3561.5 -3559.83 -3558.23 -3556.35 -3554.02 -3551.81 -3549.77 -3548.24 -3546.95 -3545.58 -3544.09 -3542.41 -3540.73 -3539.04 -3537.02 -3534.63 -3531.64 -3528.27 -3524.65 -3520.65 -3515.96 -3507.48 -3495.67 -3479.75 -3463.89 -3449.45 -3446.46 -3455.86 -3464.67 -3471.36 -3468.76 -3463.34 -3458.9 -3454.51 -3450.23 -3445.63 -3441.08 -3437.66
-3623.08 -3621.11 -3618.74 -3616.48 -3614.22 -3611.99 -3610.24 -3608.59 -3605.91 -3603.13 -3600.84 -3598.91 -3597.33 -3595.35 -3592.97 -3590.12 -3587.29 -3585.05 -3582.83 -3580.49 -3578.21 -3575.96 -3573.65 -3571.33 -3569 -3566.97 -3565.37 -3563.3 -3560.96 -3559.7 -3558.69 -3557.01 -3555.29 -3553.74 -3551.7 -3549.35 -3547.94 -3546.96 -3545.92 -3544.62 -3542.88 -3541.2 -3539.56 -3537.5 -3535.1 -3532.39 -3529.4 -3526.19 -3522.61 -3518.31 -3510.17 -3497.92 -3478.76 -3459.18 -3441.31 -3438.84 -3453.04 -3465.08 -3473.69 -3471.15 -3465.27 -3460.83 -3456.33 -3451.74 -3446.62 -3441.35 -3437.02
-3617.5 -3615.9 -3613.75 -3611.36 -3609.41 -3608.04 -3606.53 -3604.8 -3602.4 -3599.97 -3598.01 -3596.44 -3595.27 -3593.42 -3590.95 -3587.67 -3584.54 -3582.7 -3580.74 -3578.34 -3576.06 -3573.81 -3571.06 -3568.38 -3566.44 -3564.68 -3562.98 -3561.07 -3559.11 -3558.25 -3557.55 -3555.8 -3554.15 -3552.98 -3551.35 -3549.38 -3548.03 -3546.96 -3545.91 -3544.61 -3542.82 -3541.38 -3540.2 -3538.26 -3535.81 -3533 -3530.22 -3527.77 -3524.99 -3521.49 -3514.45 -3502.12 -3477.74 -3451.51 -3426.67 -3422.39 -3440.59 -3457.13 -3470.17 -3469.41 -3464.52 -3461.36 -3457.31 -3452.2 -3446.36 -3440.3 -3435.68
-3610.9 -3609.63 -3607.77 -3605.47 -3603.8 -3602.9 -3601.48 -3599.65 -3597.5 -3595.44 -3593.83 -3592.55 -3591.57 -3589.91 -3587.59 -3584.25 -3581.08 -3579.44 -3577.7 -3575.5 -3573.27 -3570.96 -3568.27 -3565.73 -3564 -3562.43 -3560.85 -3559.2 -3557.63 -3556.97 -3556.41 -3554.8 -3553.3 -3552.29 -3550.85 -3549.09 -3547.91 -3546.96 -3545.9 -3544.57 -3542.78 -3541.36 -3540.23 -3538.31 -3535.87 -3533 -3530.3 -3528.28 -3525.87 -3522.62 -3515.66 -3503.07 -3477.57 -3449.99 -3423.91 -3418.3 -3435.12 -3451.44 -3465.21 -3465.94 -3462.48 -3460.04 -3456.29 -3451.11 -3445.15 -3438.86 -3433.72
-3603.2 -3602.23 -3600.76 -3598.9 -3597.41 -3596.43 -3594.94 -3593.11 -3591.22 -3589.51 -3588.3 -3587.19 -3586.11 -3584.67 -3582.77 -3579.85 -3576.98 -3575.27 -3573.63 -3571.86 -3569.71 -3567.35 -3565.36 -3563.54 -3561.74 -3560.21 -3559.04 -3557.78 -3556.5 -3555.85 -3555.27 -3554.05 -3552.81 -3551.75 -3550.22 -3548.4 -3547.54 -3546.97 -3545.93 -3544.58 -3542.83 -3541.18 -3539.58 -3537.55 -3535.18 -3532.31 -3529.61 -3527.58 -3524.97 -3521.29 -3513.16 -3500.1 -3478.41 -3455.89 -3435.53 -3429.46 -3439.01 -3449.7 -3459.68 -3461.25 -3459.46 -3456.86 -3453.15 -3448.42 -3443.04 -3437.15 -3431.14
-3596.08 -3595.17 -3593.84 -3592.09 -3590.53 -3589.24 -3587.8 -3586.31 -3585.02 -3583.84 -3582.72 -3581.62 -3580.52 -3579.07 -3577.25 -3574.9 -3572.56 -3570.78 -3569.21 -3567.81 -3565.91 -3563.73 -3562.19 -3560.84 -3559.29 -3557.88 -3556.7 -3555.86 -3555.29 -3554.72 -3554.09 -3553.26 -3552.27 -3551.12 -3549.71 -3548.17 -3547.43 -3546.92 -3545.92 -3544.58 -3542.85 -3541.15 -3539.45 -3537.2 -3534.58 -3531.75 -3529.03 -3526.8 -3523.7 -3519.32 -3510.72 -3498.22 -3480.63 -3462.71 -3446.33 -3439.92 -3444.44 -3451.1 -3458.07 -3458.94 -3457.18 -3454.29 -3450.53 -3446.03 -3440.73 -3434.71 -3428.05
-3589.25 -3588.26 -3586.93 -3585.21 -3583.44 -3581.71 -3580.33 -3579.29 -3578.69 -3578.04 -3576.9 -3575.75 -3574.65 -3573.15 -3571.37 -3569.64 -3567.92 -3566.14 -3564.66 -3563.61 -3562.09 -3560.31 -3559.05 -3557.97 -3556.82 -3555.64 -3554.39 -3553.94 -3554.06 -3553.63 -3552.99 -3552.49 -3551.72 -3550.55 -3549.34 -3548.19 -3547.53 -3546.96 -3545.94 -3544.58 -3542.84 -3541.17 -3539.51 -3536.98 -3534 -3531.16 -3528.36 -3525.78 -3522.08 -3516.96 -3508.48 -3497.31 -3483.73 -3469.94 -3456.58 -3450.06 -3451.14 -3454.66 -3458.87 -3458.18 -3455.54 -3452.26 -3448.32 -3443.78 -3438.2 -3431.7 -3424.49
-3582.29 -3581.16 -3579.93 -3578.67 -3576.96 -3574.77 -3573.24 -3572.24 -3571.67 -3571.17 -3570.39 -3569.43 -3568.26 -3567.16 -3566.06 -3564.72 -3563.28 -3561.79 -3560.61 -3559.86 -3558.89 -3557.76 -3556.55 -3555.41 -3554.53 -3553.87 -3553.43 -3553.1 -3552.86 -3552.65 -3552.36 -3551.83 -3551.15 -3550.36 -3549.3 -3548.1 -3547.75 -3547.47 -3546.11 -3544.5 -3542.9 -3541.12 -3539.12 -3536.51 -3533.49 -3530.31 -3527.11 -3524.13 -3520.11 -3514.82 -3507.42 -3498.16 -3486.82 -3475.4 -3464.62 -3458.57 -3457.76 -3458.35 -3459.38 -3457.66 -3454.69 -3451.11 -3446.76 -3441.61 -3435.44 -3428.36 -3420.52
-3575.51 -3574.42 -3573.33 -3572.3 -3570.58 -3568.09 -3566.52 -3565.61 -3564.96 -3564.46 -3563.99 -3563.18 -3561.95 -3561.25 -3560.85 -3559.95 -3558.87 -3557.73 -3556.88 -3556.43 -3556.05 -3555.64 -3554.67 -3553.66 -3553.09 -3552.83 -3552.91 -3552.54 -3551.87 -3551.81 -3551.83 -3551.35 -3550.79 -3550.3 -3549.39 -3548.22 -3548.14 -3548.1 -3546.5 -3544.61 -3542.85 -3540.77 -3538.37 -3535.7 -3532.75 -3529.42 -3526 -3522.73 -3518.59 -3513.44 -3507.11 -3499.48 -3489.72 -3479.93 -3471.1 -3465.57 -3463.62 -3462 -3460.43 -3457.7 -3454.3 -3450.45 -3445.63 -3439.73 -3432.79 -3424.92 -3416.4
-3568.93 -3568.25 -3567.4 -3565.93 -3563.94 -3561.47 -3560.21 -3559.75 -3559.12 -3558.55 -3558.11 -3557.31 -3556.05 -3555.52 -3555.49 -3555.27 -3554.85 -3554.01 -3553.42 -3553.27 -3553.46 -3553.83 -3553.61 -3553.25 -3553.16 -3552.93 -3552.45 -3551.83 -3551.19 -3551.07 -3551.14 -3551.06 -3550.77 -3550.22 -3549.49 -3548.7 -3548.73 -3548.67 -3547.22 -3545.12 -3542.54 -3539.86 -3537.13 -3534.32 -3531.45 -3528.56 -3525.47 -3522.17 -3518.16 -3513.37 -3507.52 -3500.61 -3492.17 -3483.74 -3476.02 -3470.72 -3468.02 -3465.25 -3462.33 -3458.48 -3454.29 -3450.24 -3445.04 -3438.42 -3430.53 -3421.61 -3412.38
-3563.7 -3563.27 -3562.49 -3560.79 -3558.67 -3556.24 -3554.98 -3554.53 -3554.13 -3553.7 -3553.02 -3552.06 -3550.79 -3550.46 -3550.8 -3551.06 -3551.17 -3550.86 -3550.71 -3550.87 -3551.36 -3552.04 -3552.37 -3552.51 -3552.57 -3552.44 -3552.1 -3551.65 -3551.17 -3551.06 -3551.12 -3551.25 -3551.1 -3550.47 -3549.96 -3549.59 -3549.56 -3549.24 -3547.65 -3545.33 -3542.37 -3539.42 -3536.54 -3533.69 -3530.84 -3527.98 -3524.93 -3521.6 -3517.76 -3513.33 -3508.01 -3501.8 -3494.29 -3486.87 -3480.31 -3475.25 -3471.74 -3468.01 -3463.98 -3459.07 -3453.93 -3449.16 -3443.39 -3436.37 -3427.78 -3418 -3408.06
-3559.85 -3559.48 -3558.61 -3556.95 -3554.87 -3552.46 -3550.87 -3549.99 -3549.96 -3549.84 -3548.73 -3547.48 -3546.22 -3546.12 -3546.84 -3547.35 -3547.83 -3548.26 -3548.71 -3549.2 -3549.73 -3550.29 -3550.88 -3551.3 -3551.21 -3551.31 -3551.85 -3551.99 -3551.81 -3551.78 -3551.8 -3551.9 -3551.72 -3551.07 -3550.79 -3550.81 -3550.58 -3549.8 -3547.78 -3545.23 -3542.38 -3539.51 -3536.66 -3533.86 -3530.97 -3527.7 -3524.31 -3520.97 -3517.29 -3513.21 -3508.47 -3502.98 -3496.03 -3489.32 -3483.97 -3479.17 -3474.83 -3470.2 -3465.19 -3459.3 -3453.14 -3447.17 -3440.68 -3433.49 -3424.43 -3414.01 -3403.38
-3556.79 -3556.44 -3555.49 -3553.77 -3551.63 -3549.17 -3547.53 -3546.57 -3546.11 -3545.67 -3544.8 -3543.68 -3542.36 -3542.3 -3543.17 -3544.01 -3544.92 -3545.81 -3546.67 -3547.49 -3548.29 -3549.06 -3549.7 -3550.23 -3550.66 -3551.17 -3551.8 -3552.4 -3552.91 -3553.02 -3552.9 -3552.71 -3552.33 -3551.68 -3551.47 -3551.59 -3551.31 -3550.43 -3548.37 -3545.68 -3542.49 -3539.5 -3536.72 -3533.98 -3531.09 -3527.47 -3523.81 -3520.43 -3516.96 -3513.28 -3508.76 -3503.44 -3496.85 -3490.63 -3485.92 -3481.4 -3476.85 -3471.43 -3465.29 -3458.55 -3451.8 -3445.7 -3438.75 -3430.64 -3420.65 -3409.31 -3397.91
-3553.91 -3553.63 -3552.69 -3551.04 -3548.98 -3546.59 -3545.04 -3544.04 -3542.83 -3541.81 -3541.3 -3540.48 -3539.18 -3539.05 -3539.83 -3540.88 -3542.08 -3543.22 -3544.36 -3545.51 -3546.69 -3547.83 -3548.45 -3549.06 -3550.26 -3551.23 -3551.71 -3552.66 -3553.87 -3554.2 -3553.99 -3553.45 -3552.82 -3552.19 -3551.97 -3552.04 -3551.79 -3550.95 -3548.93 -3546.14 -3542.62 -3539.45 -3536.66 -3533.92 -3530.97 -3527.01 -3523.08 -3519.68 -3516.39 -3513.05 -3508.54 -3503.12 -3496.8 -3490.87 -3486.36 -3482 -3477.58 -3471.53 -3464.38 -3456.91 -3449.73 -3443.8 -3436.49 -3427.29 -3416.26 -3403.94 -3391.85
