DATA/REDOUBT_/inidata/topo.grd
DSAA
121 121
  -153.19999999999999000   -152.19999999999999000
    60.00000000000000000     61.00000000000000000
1 3048
[rows 80 to 119 of 121, columns 0 to 90 of 121]
248 270 304 302 325 351 304 464 694 790 816 1020 1072 1041 943 710 717 927 1134 1341 1463 1192 1160 1432 1341 1145 1036 1067 1165 1266 1372 1502 1391 1401 1310 1273 1279 1329 1385 1484 1526 1613 1789 1767 1625 1577 1547 1524 1445 1401 1394 1399 1486 1594 1787 1576 1463 1305 1260 1221 1158 1158 1125 1089 1066 1051 1036 1036 1036 1036 1067 1164 1101 1044 1148 1249 1194 1179 1251 942 666 664 663 660 762 762 674 669 652 548 554
213 215 215 213 214 219 231 238 291 365 530 632 669 758 693 548 763 1048 1261 1445 1379 1097 975 1243 1412 1374 1152 1036 1036 1132 1244 1228 1246 1306 1452 1706 1463 1393 1398 1418 1451 1502 1630 1739 1727 1602 1524 1456 1411 1370 1360 1360 1389 1491 1584 1544 1479 1427 1344 1311 1272 1219 1134 1088 1056 1036 1036 1036 1036 1036 1036 980 944 917 883 828 792 792 784 748 710 704 703 716 730 734 727 731 731 731 734
241 242 243 234 236 238 241 294 228 229 236 242 284 351 383 468 669 840 975 1219 1223 893 927 1249 1334 1366 1493 1239 1042 1013 1027 1060 1132 1293 1463 1539 1583 1515 1445 1443 1453 1461 1512 1652 1566 1475 1461 1464 1342 1334 1333 1319 1328 1371 1378 1287 1260 1209 1155 1153 1145 1139 1110 1085 1058 1038 1036 1036 1036 1036 1036 971 914 882 862 829 807 795 791 769 739 732 731 731 776 792 819 792 853 852 784
425 294 253 247 243 243 258 311 348 365 310 240 236 238 241 243 322 426 530 664 731 672 850 1151 1097 1209 1165 1209 1147 947 853 1036 1168 1240 1319 1366 1398 1482 1584 1557 1478 1484 1504 1512 1484 1402 1358 1341 1320 1290 1280 1280 1280 1250 1219 1190 1159 1152 1111 1097 1097 1097 1097 1067 1042 1036 1036 1077 1219 1158 1056 955 914 860 853 840 819 801 794 789 738 732 731 731 731 731 609 549 476 426 409
829 576 294 267 263 269 307 352 365 364 358 345 331 313 297 274 257 252 243 281 302 359 483 640 731 731 946 932 893 756 853 1028 1140 1203 1242 1244 1219 1291 1512 1583 1543 1513 1514 1497 1472 1415 1350 1341 1320 1280 1280 1280 1280 1243 1219 1194 1158 1139 1114 1097 1097 1097 1097 1061 1037 1036 1037 1044 1041 1036 1036 981 915 886 854 847 832 806 795 772 736 732 731 731 708 665 606 567 515 440 414
608 414 277 285 314 358 388 411 438 426 417 415 407 406 405 409 358 361 330 245 243 243 263 293 342 403 454 536 563 558 802 934 1049 1084 1136 1071 1085 1204 1402 1450 1524 1578 1563 1481 1455 1436 1416 1403 1363 1345 1311 1280 1280 1266 1236 1204 1158 1135 1100 1097 1097 1097 1093 1057 1039 1036 1036 1041 1039 1036 1036 976 914 898 877 856 845 803 792 753 734 732 731 721 697 672 630 613 548 498 629
304 303 305 360 452 535 590 650 627 651 731 694 636 618 611 576 518 628 626 594 507 409 259 227 242 262 283 296 343 404 457 502 505 566 633 753 933 1036 1072 1192 1286 1411 1495 1494 1463 1430 1410 1402 1380 1356 1341 1364 1405 1400 1380 1382 1347 1158 1112 1175 1105 1097 1090 1041 1036 1036 1036 1038 1038 1036 1036 972 914 909 903 909 931 874 792 744 732 731 731 693 675 651 612 609 676 913 1027
514 529 563 548 693 815 902 914 853 853 1033 1096 1018 818 731 670 597 729 795 852 798 738 608 493 320 298 265 259 268 280 291 303 420 538 701 853 1051 1162 1202 1182 1228 1278 1330 1368 1394 1426 1470 1481 1402 1438 1443 1469 1512 1516 1524 1516 1513 1328 1249 1219 1201 1182 1280 1408 1109 1099 1074 1036 1037 1036 1036 1055 1158 1030 1025 1097 1299 1203 978 853 829 853 782 669 605 689 731 757 792 1024 1175
961 1036 964 731 816 1074 1238 1230 984 1018 1280 1240 1424 1220 890 669 780 966 904 859 824 791 763 690 670 621 543 461 357 304 256 261 277 297 338 419 577 822 1014 1148 1346 1419 1540 1608 1593 1671 1676 1638 1601 1547 1593 1623 1620 1622 1621 1612 1552 1386 1297 1265 1276 1402 1233 1190 1157 1141 1137 1158 1269 1262 1267 1312 1661 1737 1300 1192 1272 1402 1280 1188 1248 1305 1351 1158 1097 1219 1036 869 889 1036 1132
1420 1409 1104 831 853 1097 1440 1404 1067 1066 1329 1385 1445 1407 1002 730 747 999 1219 1282 1266 1151 1019 855 960 947 861 670 678 589 422 359 313 282 268 288 303 433 565 721 964 1123 1175 1328 1463 1379 1450 1483 1632 1695 1676 1723 1828 1773 1729 1707 1508 1398 1363 1318 1283 1280 1259 1236 1219 1195 1216 1306 1395 1482 1584 1660 1723 1767 1737 1488 1615 1525 1472 1414 1451 1347 1280 1158 1036 1117 1280 1095 1037 1005 1029
1584 1385 1219 1032 889 1054 1408 1584 1197 1167 1343 1591 1461 1296 1002 823 893 1151 1224 1463 1341 1142 1052 1310 1309 1072 975 1120 1110 960 837 640 568 459 372 280 264 277 295 398 504 660 924 1004 935 1029 1151 1275 1429 1536 1513 1572 1671 1783 1807 1716 1621 1506 1470 1358 1308 1280 1276 1275 1295 1299 1327 1359 1458 1597 1706 1524 1595 1630 1508 1516 1310 1280 1288 1356 1327 1229 1154 1085 968 888 887 975 975 834 911
1538 1583 1589 1336 1045 965 1148 1487 1313 1295 1524 1433 1357 1206 975 972 1168 1360 1458 1314 1260 1280 1483 1354 1268 1281 1418 1438 1361 1412 1229 1046 885 799 670 487 426 380 294 272 278 349 504 576 814 1103 1280 1325 1249 1162 1231 1360 1543 1664 1762 1883 1744 1661 1598 1518 1456 1430 1423 1442 1398 1406 1424 1453 1402 1219 1188 1203 1249 1244 1280 1280 1077 1102 1175 1261 1314 1362 1402 1402 1207 853 809 787 910 685 566
1372 1631 1570 1337 1280 1158 1111 1267 1452 1451 1615 1551 1584 1413 1159 1086 1103 1246 1265 1326 1391 1421 1463 1401 1402 1539 1488 1341 1349 1419 1339 1097 914 819 609 440 375 389 304 293 279 286 306 341 485 647 833 715 837 1218 1409 1537 1588 1543 1622 1813 1828 1686 1704 1653 1651 1576 1597 1626 1651 1584 1624 1569 1610 1585 1261 975 915 843 829 822 802 827 1036 1075 1043 1066 1000 919 984 1159 944 642 575 478 403
1463 1514 1689 1514 1478 1301 1249 1299 1572 1629 1625 1443 1338 1259 1219 1219 1404 1540 1435 1455 1496 1375 1325 1348 1254 1183 1170 1155 1054 1045 951 863 764 518 366 304 304 304 326 343 328 302 279 288 302 426 507 801 946 1103 1094 1152 1253 1534 1605 1465 1499 1645 1767 1852 1916 1817 1767 1706 1697 1696 1730 1740 1767 1706 1584 1200 1195 1254 1017 767 652 609 585 609 540 587 594 658 914 1063 1076 762 518 365 252
1629 1699 1713 1605 1529 1431 1380 1441 1659 1524 1443 1396 1382 1410 1391 1483 1690 1767 1593 1586 1720 1463 1324 1203 1158 1188 1042 975 796 743 734 483 355 304 304 304 426 560 619 670 617 527 426 341 283 320 331 416 596 731 893 1107 1330 1424 1405 1315 1374 1552 1681 1706 1593 1513 1503 1469 1505 1552 1607 1625 1584 1584 1557 1515 1438 1305 1194 1036 976 883 698 526 428 374 328 304 487 646 736 834 853 477 206
1706 1706 1706 1705 1712 1593 1503 1554 1678 1645 1563 1598 1697 1587 1469 1509 1767 1626 1475 1443 1500 1672 1508 1425 1219 975 763 837 798 621 414 314 304 304 404 597 651 666 665 731 744 700 609 475 337 297 286 286 304 372 488 623 883 883 970 1217 1422 1524 1364 1374 1312 1066 1158 1272 1334 1447 1584 1501 1395 1285 1198 1111 1246 1471 1363 1046 884 894 1027 1009 929 711 443 250 200 122 270 335 243 60 75
1505 1528 1367 1341 1381 1324 1402 1706 1556 1569 1601 1828 1618 1337 1276 1335 1620 1492 1269 1186 1274 1528 1314 1015 853 670 486 492 368 331 304 304 323 467 638 811 792 731 689 643 568 460 561 548 502 431 345 291 290 289 289 322 365 453 715 876 1086 1209 1127 1122 998 807 869 1188 1397 1517 1605 1485 1267 1051 910 819 867 1049 1248 1108 830 814 984 853 477 360 255 205 182 112 93 78 60 67 60
1158 1131 1097 1097 1075 1054 1097 1134 1253 1524 1750 1843 1633 1390 1143 1137 1299 1431 1353 972 925 1043 914 578 395 365 365 365 365 360 383 490 692 878 986 987 950 819 732 650 555 731 853 744 633 514 438 413 365 294 292 289 289 289 304 416 589 731 833 701 599 648 1126 1341 1504 1429 1418 1451 1478 1249 1070 873 643 548 599 868 883 675 762 578 290 121 121 121 94 64 60 60 60 67 60
1300 1178 1173 1138 1047 1036 991 975 1071 1269 1524 1417 1351 1524 1249 914 904 926 800 609 527 425 390 360 365 365 365 473 537 651 883 1059 1176 1206 1249 1356 1259 1060 807 609 699 993 942 831 732 633 584 533 494 453 437 339 298 320 329 323 324 363 401 432 560 792 966 1158 1280 1291 1321 1319 1265 1317 1341 1202 967 684 427 426 603 406 266 130 121 121 185 356 274 116 97 71 62 74 60
1603 1489 1602 1620 1516 1322 1022 906 905 1016 1186 1081 897 827 754 653 600 558 546 520 492 448 417 408 596 690 887 1045 1079 1158 1219 1341 1615 1464 1389 1202 1050 883 685 678 862 1123 1116 1119 1127 1066 944 836 645 553 469 426 359 383 374 360 330 331 334 314 304 451 544 631 756 947 1097 1241 1097 1050 1051 972 796 609 399 243 249 121 121 121 167 264 304 550 731 609 507 518 648 487 315
1524 1683 1906 1752 1630 1534 1274 889 822 813 773 731 710 674 670 621 609 582 548 531 498 480 655 833 966 1087 1234 1360 1453 1513 1584 1586 1449 1205 964 913 866 820 790 859 987 1145 1341 1449 1394 1318 1213 1159 927 609 508 503 487 445 414 368 315 306 281 250 220 230 281 330 465 457 549 711 920 888 626 528 496 304 121 121 182 381 568 609 670 755 792 868 812 859 912 966 1076 1097 924
1036 1133 1219 1219 1206 1303 1192 959 792 778 756 732 731 707 679 656 645 715 811 968 890 631 720 1050 1238 1402 1353 1407 1515 1654 1554 1442 1158 1009 984 973 1127 1097 1205 1219 1197 1266 1415 1431 1513 1444 1322 1036 701 607 597 557 537 657 792 673 594 461 251 228 199 178 179 206 218 224 234 267 381 548 456 243 145 121 233 425 528 602 792 975 1083 1158 1264 1156 1355 1219 1103 1107 1090 1252 1332
1036 997 963 924 908 878 851 821 793 792 775 760 743 731 802 938 1173 1372 1613 1378 1069 796 792 1036 1341 1488 1683 1696 1581 1480 1374 1211 1097 1073 1089 1341 1679 1508 1490 1571 1432 1420 1524 1412 1280 1190 1225 1036 731 673 670 669 739 659 548 563 548 599 533 317 256 206 188 161 142 134 121 121 121 121 121 122 122 335 609 868 914 1021 1048 1066 1143 1190 1253 1320 1645 1473 1227 1222 1226 1270 1385
1402 1202 1273 1106 965 914 876 843 829 814 800 792 840 1038 1176 1365 1489 1562 1645 1447 1231 994 903 1112 1286 1410 1613 1828 1676 1489 1290 1157 1132 1139 1219 1402 1557 1660 1691 1689 1614 1617 1613 1485 1361 1165 1044 853 750 750 744 762 863 865 753 664 571 552 541 488 359 239 277 267 245 211 219 183 183 194 201 223 243 355 626 900 973 1047 1148 1256 1341 1524 1420 1384 1547 1530 1409 1349 1354 1402 1485
1652 1684 1652 1550 1643 1433 1018 853 854 853 851 1066 1237 1207 1267 1402 1511 1717 1608 1584 1465 1188 1052 1070 1210 1378 1501 1634 1643 1447 1219 1197 1192 1212 1295 1463 1626 1628 1500 1418 1349 1419 1574 1706 1564 1422 1249 1061 802 804 813 822 851 1127 1256 1097 946 756 608 609 731 642 562 569 535 472 365 283 260 378 390 422 571 744 670 622 717 812 975 1144 1323 1312 1338 1399 1554 1524 1584 1534 1505 1487 1517
1857 1994 1811 1828 1828 1402 1010 899 904 913 1097 1341 1602 1706 1474 1442 1487 1665 1813 1621 1377 1205 1175 1310 1529 1449 1495 1597 1456 1280 1261 1251 1272 1384 1516 1524 1569 1706 1584 1408 1274 1244 1201 1152 1089 1014 959 914 880 856 857 855 873 1229 1219 1107 1131 1188 975 988 1272 1097 1107 1188 1097 975 690 446 392 443 687 780 914 1078 1226 1187 1080 955 958 991 1058 1187 1418 1437 1518 1706 1596 1517 1568 1576 1624
1766 1704 1524 1859 1511 1287 975 956 955 969 1089 1359 1524 1737 1691 1577 1560 1621 1803 1580 1316 1277 1298 1534 1678 1798 1725 1687 1737 1419 1333 1376 1434 1517 1663 1645 1528 1463 1402 1347 1285 1220 1167 1156 1097 1097 1147 991 913 899 891 897 913 1083 1463 1341 1203 1184 1234 1419 1479 1437 1475 1552 1480 1459 1194 792 512 487 507 656 926 1128 1233 1318 1463 1272 1192 1182 1188 1202 1224 1257 1369 1487 1482 1395 1404 1475 1570
1270 1288 1154 1121 1074 1036 1025 1004 989 1010 1090 1160 1544 1822 1828 1848 1722 1908 1821 1715 1453 1404 1399 1432 1531 1683 1857 1859 1716 1652 1569 1513 1463 1502 1604 1647 1564 1535 1603 1788 1741 1579 1455 1489 1524 1322 1110 976 977 956 936 975 1219 1417 1392 1347 1312 1299 1374 1463 1566 1442 1305 1288 1320 1255 1292 1097 731 548 553 597 843 1061 1141 1167 1158 1193 1239 1312 1327 1280 1341 1424 1554 1488 1372 1280 1268 1254 1320
1159 1150 1134 1117 1100 1041 1035 1057 1290 1396 1468 1280 1285 1333 1427 1493 1658 1882 1755 1584 1555 1568 1640 1655 1709 1699 1880 1727 1645 1632 1640 1706 1889 2126 1849 1645 1636 1645 1754 1687 1554 1505 1573 1432 1219 1099 1072 1043 1036 1022 1036 1278 1520 1498 1541 1524 1493 1605 1639 1704 1493 1244 1142 1093 1018 939 905 875 670 636 608 691 914 975 826 824 935 1024 1147 1219 1176 1121 1146 1193 1260 1365 1493 1350 1219 1127 1113
1158 1157 1156 1154 1210 1437 1603 1449 1271 1330 1616 1597 1438 1427 1463 1503 1528 1635 1875 1643 1645 1828 1889 1814 1817 1884 1839 1818 1843 1828 1850 1821 1764 1658 1584 1551 1524 1489 1461 1610 1520 1383 1328 1269 1148 1105 1098 1079 1082 1111 1376 1660 1706 1645 1675 1697 1616 1530 1469 1390 1314 1270 1341 1473 1371 1247 893 742 731 812 1074 978 887 851 814 670 534 563 670 823 930 993 1109 1321 1301 1299 1341 1340 1206 1108 1093
1561 1657 1672 1415 1362 1524 1790 1889 1737 1573 1494 1579 1786 1598 1645 1828 1988 1911 1987 1888 1912 1888 1780 1807 1770 1845 1809 1674 1645 1656 1638 1642 1820 1644 1616 1584 1527 1424 1338 1338 1264 1219 1219 1195 1165 1143 1136 1136 1290 1524 1571 1584 1683 1848 1784 1767 1657 1682 1548 1473 1432 1476 1538 1599 1501 1412 1036 792 795 883 1134 1416 1361 1181 1173 1107 965 680 426 406 518 599 833 975 1077 1153 1228 1284 1221 1185 1280
1950 1857 1742 1689 1596 1746 1736 1859 1950 1706 1641 1645 1714 1828 1809 1700 1495 1494 1645 1812 1934 1766 1715 1674 1657 1645 1612 1584 1584 1548 1532 1522 1584 1690 1554 1363 1305 1280 1280 1280 1266 1245 1227 1213 1197 1185 1191 1215 1280 1348 1402 1513 1709 1859 1933 1584 1487 1449 1493 1587 1572 1624 1706 1542 1328 1141 940 894 895 978 1074 1282 1402 1370 1153 1105 1041 989 822 533 362 359 387 609 874 1009 1092 1158 1097 1072 1034
1522 1609 1706 1828 1820 1940 1765 1681 1808 2004 1822 1929 1861 1666 1425 1364 1402 1525 1616 1727 1920 1916 1764 1691 1649 1645 1630 1598 1591 1577 1500 1477 1469 1502 1433 1329 1304 1290 1280 1280 1274 1275 1260 1251 1319 1375 1594 1543 1544 1668 1595 1562 1605 1709 1630 1575 1513 1341 1319 1303 1310 1315 1457 1347 1097 1035 1000 970 1246 1395 1412 1219 1260 1286 1219 1196 1348 1212 1114 1051 822 426 359 364 611 716 723 712 792 864 1020
1579 1778 1779 1834 1706 1615 1492 1557 1885 1899 1691 1562 1522 1613 1433 1280 1262 1307 1615 1596 1577 1577 1776 1856 1790 1860 1715 1706 1749 1834 1612 1452 1409 1402 1361 1336 1322 1314 1308 1315 1371 1402 1337 1409 1463 1518 1601 1692 1737 1818 1889 1781 1686 1655 1649 1444 1399 1365 1334 1237 1223 1213 1186 1158 1128 1104 1209 1447 1590 1545 1561 1645 1361 1351 1362 1400 1304 1277 1299 1239 1097 822 396 359 359 359 373 548 650 893 1097
1487 1706 1929 1689 1466 1371 1317 1459 1789 1828 1616 1463 1366 1250 1163 1171 1195 1248 1275 1319 1376 1430 1514 1828 2020 1976 1823 1764 1692 1575 1524 1479 1463 1412 1378 1343 1339 1336 1341 1483 1615 1638 1700 1659 1541 1552 1573 1626 1772 1788 1887 1999 1901 1638 1604 1448 1413 1407 1427 1378 1341 1235 1216 1215 1282 1499 1537 1463 1536 1645 1662 1645 1593 1526 1571 1493 1464 1366 1178 1120 950 617 527 518 365 359 359 359 359 441 597
1330 1685 1584 1494 1380 1208 1212 1377 1630 1767 1706 1496 1263 1109 1101 1127 1288 1470 1495 1497 1453 1490 1510 1578 1752 1944 1908 1828 1844 1744 1706 1889 1689 1410 1397 1370 1366 1374 1394 1467 1575 1692 1928 1763 1698 1625 1631 1669 1879 1889 1868 1828 1845 1874 1684 1643 1463 1480 1514 1696 1555 1567 1644 1479 1427 1551 1646 1573 1550 1525 1549 1634 1513 1420 1341 1256 1219 1147 887 836 787 792 975 1097 873 650 368 359 359 359 426
1219 1192 1152 1140 1158 1101 1139 1365 1426 1515 1553 1273 1036 1034 1046 1178 1524 1819 1747 1829 1936 1662 1691 1798 2133 2011 1828 1758 1773 1811 1656 1523 1480 1449 1425 1397 1394 1401 1420 1455 1560 1618 1662 1859 1737 1684 1697 1734 1844 1887 1850 1814 1793 1802 1815 1798 1854 1803 1627 1616 1780 1735 1808 1740 1645 1607 1584 1566 1518 1480 1461 1489 1556 1381 1276 1216 1164 1056 979 1018 1133 1280 1473 1158 1085 1242 965 521 361 359 359
1661 1452 1219 1188 1046 1014 992 1036 1219 1413 1098 925 930 965 1183 1516 1789 1792 1828 1584 1556 1733 2151 1951 1919 1867 1832 1822 1732 1655 1632 1580 1520 1615 1655 1445 1431 1431 1443 1459 1578 1760 1798 1909 2092 1777 1760 1769 1832 1887 1853 1813 1767 1742 1752 1842 1963 1935 1850 1751 1797 1750 1680 1699 1706 1657 1523 1546 1463 1399 1400 1397 1463 1589 1468 1379 1378 1464 1313 1268 1483 1314 1325 1397 1459 1341 1182 980 670 373 359
1889 1763 1808 2011 1636 1278 926 885 831 819 835 851 908 1007 1036 1174 1279 1350 1414 1463 1584 1689 2011 2164 1893 1908 1899 1873 1826 1806 1838 1889 1753 1694 1627 1546 1478 1468 1467 1482 1506 1564 1683 1706 1769 1986 1914 1870 1889 1889 1873 1838 1775 1740 1706 1686 1680 1767 1889 1865 1740 1625 1582 1614 1677 1554 1436 1387 1353 1341 1346 1349 1339 1361 1364 1447 1466 1511 1571 1463 1305 1245 1214 1164 1097 1066 1087 1188 1221 853 457
1535 1416 1516 1836 1775 1645 1313 1040 782 750 762 853 1019 1158 1389 1570 1691 1667 1636 1650 1737 1983 1977 2041 2029 2002 1986 2058 2042 2026 1859 1755 1702 1645 1613 1579 1568 1524 1513 1508 1518 1532 1560 1582 1872 1890 2047 2072 1925 1916 1910 1909 1883 1753 1706 1666 1645 1623 1622 1630 1643 1519 1506 1486 1430 1391 1363 1341 1346 1328 1303 1282 1278 1273 1272 1270 1275 1294 1329 1418 1483 1292 1274 1229 1115 946 877 800 664 561 365
