DATA/REDOUBT_/inidata/topo.grd
DSAA
121 121
  -153.19999999999999000   -152.19999999999999000
    60.00000000000000000     61.00000000000000000
1 3048
[rows 0 to 39 of 121, columns 0 to 90 of 121]
519 538 587 638 672 883 1134 1273 1402 1385 1386 1497 1596 1812 2011 1761 1556 1463 1379 1279 1215 1158 1118 1063 878 742 633 549 544 492 435 436 435 485 482 457 432 422 401 386 377 368 359 329 310 302 443 640 817 598 447 426 738 908 832 616 284 243 353 274 142 17 15 15 19 7 1 1 1.70141e38 1.70141e38 1.70141e38 1.70141e38 1.70141e38 1.70141e38 1.70141e38 1.70141e38 1.70141e38 1.70141e38 1.70141e38 1.70141e38 1.70141e38 1.70141e38 1.70141e38 1.70141e38 1.70141e38 1.70141e38 1.70141e38 1.70141e38 1.70141e38 1.70141e38 1.70141e38
670 662 661 751 830 896 1036 1219 1394 1536 1831 1840 1889 1950 1799 1474 1316 1154 1088 1032 971 941 946 1049 1021 822 701 605 579 551 530 513 490 478 469 459 447 436 427 410 393 367 348 320 294 506 792 774 579 481 563 669 800 621 501 319 426 599 429 182 77 47 44 54 71 45 27 7 1 1.70141e38 1.70141e38 1.70141e38 1.70141e38 1.70141e38 1.70141e38 1.70141e38 1.70141e38 1.70141e38 1.70141e38 1.70141e38 1.70141e38 1.70141e38 1.70141e38 1.70141e38 1.70141e38 1.70141e38 1.70141e38 1.70141e38 1.70141e38 1.70141e38 1.70141e38
914 883 797 829 885 1056 1157 1269 1366 1439 1524 1781 2049 2306 2133 1712 1645 1575 1386 1158 1073 1069 824 778 702 670 646 611 580 551 540 513 489 487 487 436 427 426 396 369 361 363 395 304 391 518 689 816 729 822 823 682 582 497 365 375 584 399 237 72 54 57 59 159 144 132 95 43 14 2 1 1.70141e38 1.70141e38 1.70141e38 1.70141e38 1.70141e38 1.70141e38 1.70141e38 1.70141e38 1.70141e38 1.70141e38 1.70141e38 1.70141e38 1.70141e38 1.70141e38 1.70141e38 1.70141e38 1.70141e38 1.70141e38 1.70141e38 1.70141e38
717 961 1158 1034 1128 1136 1311 1589 1810 1883 1817 1828 2022 2247 2283 2082 1934 1828 1663 1467 1280 1148 925 768 726 677 640 609 578 552 548 544 518 487 501 548 546 480 417 312 268 292 426 481 475 559 635 774 914 801 662 461 413 471 600 666 500 334 182 60 46 54 91 309 218 143 60 47 7 1 1 1 1 1.70141e38 1.70141e38 1.70141e38 1.70141e38 1.70141e38 1.70141e38 1.70141e38 1.70141e38 1.70141e38 1.70141e38 1.70141e38 1.70141e38 1.70141e38 1.70141e38 1.70141e38 1.70141e38 1.70141e38 1.70141e38
673 843 937 1062 1280 1510 1629 1746 1881 2104 2347 2585 2547 2592 2291 2041 1860 1720 1524 1364 1212 1123 1019 922 866 802 792 751 628 565 571 548 587 670 686 728 704 613 542 432 304 214 260 409 480 381 323 346 515 656 716 700 889 938 822 693 525 354 164 56 38 51 182 304 122 121 134 41 1 1 1 1 1 1.70141e38 1.70141e38 1.70141e38 1.70141e38 1.70141e38 1.70141e38 1.70141e38 1.70141e38 1.70141e38 1.70141e38 1.70141e38 1.70141e38 1.70141e38 1.70141e38 1.70141e38 1.70141e38 1.70141e38 1.70141e38
858 899 1120 1292 1381 1515 1672 1805 1995 2209 2472 2721 2854 2773 2560 2210 2081 1950 1728 1625 1489 1387 1223 1219 1142 1026 957 967 841 718 677 659 630 710 712 618 519 493 352 304 328 251 183 260 336 304 243 182 261 298 327 339 394 377 367 318 202 88 51 39 31 50 113 58 35 22 35 71 121 243 175 83 1 1.70141e38 1.70141e38 1.70141e38 1.70141e38 1.70141e38 1.70141e38 1.70141e38 1.70141e38 1.70141e38 1.70141e38 1.70141e38 1.70141e38 1.70141e38 1.70141e38 1.70141e38 1.70141e38 1.70141e38 1.70141e38
1129 1029 1166 1344 1521 1574 1661 1805 1939 2025 2096 2294 2220 2212 2186 2010 1863 1789 1674 1532 1350 1228 1084 987 1045 853 731 753 731 669 688 760 673 609 668 609 577 580 598 536 448 320 215 144 176 304 225 163 121 128 164 142 130 119 88 59 55 44 32 23 22 19 39 44 60 264 472 554 551 453 324 182 126 14 1.70141e38 1.70141e38 1.70141e38 1.70141e38 1.70141e38 1.70141e38 1.70141e38 1.70141e38 1.70141e38 1.70141e38 1.70141e38 1.70141e38 1.70141e38 1.70141e38 1.70141e38 1.70141e38 1.70141e38
1254 1271 1357 1463 1521 1584 1832 1583 1524 1604 1814 1775 1813 1727 1784 1841 1691 1530 1351 1229 1075 938 824 761 721 651 606 571 658 518 481 528 549 512 481 671 731 724 670 572 447 356 313 209 136 105 115 95 65 66 57 54 49 43 39 35 31 27 29 39 57 253 336 391 365 752 817 684 609 568 499 375 243 109 1 1.70141e38 1.70141e38 1.70141e38 1.70141e38 1.70141e38 1.70141e38 1.70141e38 1.70141e38 1.70141e38 1.70141e38 1.70141e38 1.70141e38 1.70141e38 1.70141e38 1.70141e38 1.70141e38
1156 1163 1208 1259 1327 1370 1706 1411 1218 1304 1283 1364 1371 1372 1402 1537 1489 1372 1272 1219 1059 903 872 810 687 550 548 509 488 416 367 315 288 282 314 379 619 609 484 472 351 294 182 182 113 59 59 56 51 52 49 46 43 29 32 40 51 64 60 60 94 465 648 587 565 944 900 855 752 613 492 365 306 151 1 1.70141e38 1.70141e38 1.70141e38 1.70141e38 1.70141e38 1.70141e38 1.70141e38 1.70141e38 1.70141e38 1.70141e38 1.70141e38 1.70141e38 1.70141e38 1.70141e38 1.70141e38 1.70141e38
1227 1280 1120 1054 1137 1371 1219 1219 1036 1029 1071 1120 1131 1182 1216 1344 1313 1237 1152 1094 1046 1042 1121 1140 1104 975 741 539 426 406 373 309 280 248 225 232 364 510 443 365 233 121 84 62 57 51 50 51 41 41 40 36 40 46 51 59 121 178 121 195 335 500 792 717 776 1049 866 694 487 409 460 365 335 220 60 1 1.70141e38 1.70141e38 1.70141e38 1.70141e38 1.70141e38 1.70141e38 1.70141e38 1.70141e38 1.70141e38 1.70141e38 1.70141e38 1.70141e38 1.70141e38 1.70141e38 1.70141e38
1249 1036 1003 975 1010 1036 973 1090 957 930 931 998 1009 1082 1336 1524 1490 1408 1294 1234 1307 1317 1072 940 891 944 1066 832 744 674 599 487 314 203 186 183 182 220 304 243 118 73 60 53 49 53 54 53 48 48 50 52 55 62 80 105 189 187 222 398 515 666 669 853 924 802 667 562 609 749 652 571 450 231 60 1 1.70141e38 1.70141e38 1.70141e38 1.70141e38 1.70141e38 1.70141e38 1.70141e38 1.70141e38 1.70141e38 1.70141e38 1.70141e38 1.70141e38 1.70141e38 1.70141e38 1.70141e38
1645 1238 1005 956 918 910 909 928 894 879 885 901 965 1152 1350 1453 1322 1341 1316 1181 1090 1084 1002 914 712 706 733 622 528 426 487 402 303 182 182 172 149 123 121 123 121 92 67 60 60 63 77 81 107 168 174 120 111 104 116 122 238 365 434 480 863 833 873 975 919 808 548 585 731 846 750 460 238 72 1 26 1.70141e38 1.70141e38 1.70141e38 1.70141e38 1.70141e38 1.70141e38 1.70141e38 1.70141e38 1.70141e38 1.70141e38 1.70141e38 1.70141e38 1.70141e38 1.70141e38 1.70141e38
1370 1318 1271 1034 897 861 852 854 849 849 850 852 966 1111 1300 1341 1232 1103 1083 1123 975 909 818 633 487 393 263 243 224 182 188 182 182 182 182 168 141 121 121 121 121 113 106 109 110 170 182 248 272 347 236 137 226 190 182 243 365 462 541 557 565 688 1097 818 635 350 298 403 396 365 304 304 60 1 24.3333 51 1.70141e38 1.70141e38 1.70141e38 1.70141e38 1.70141e38 1.70141e38 1.70141e38 1.70141e38 1.70141e38 1.70141e38 1.70141e38 1.70141e38 1.70141e38 1.70141e38 1.70141e38
1451 1447 1309 1119 920 841 824 820 820 816 821 843 914 1066 1191 1089 1097 1042 914 893 933 1164 1138 943 853 507 291 182 182 182 182 182 182 182 228 200 223 195 208 200 188 265 315 320 383 350 304 395 491 390 249 182 182 191 131 154 175 302 300 243 230 426 682 561 438 391 377 335 396 426 304 92 1 17 33 49 65 1 1.70141e38 1.70141e38 1.70141e38 1.70141e38 1.70141e38 1.70141e38 1.70141e38 1.70141e38 1.70141e38 1.70141e38 1.70141e38 1.70141e38 1.70141e38
1341 1345 1127 1002 879 843 797 790 792 790 790 803 922 1040 981 978 1036 1126 1001 914 782 717 717 819 574 379 207 182 378 571 568 453 182 331 400 400 361 365 350 371 359 354 488 513 548 596 545 594 609 476 365 204 121 121 111 78 68 106 121 121 209 304 391 309 182 228 182 121 73 72.6667 72.3333 72 71.6667 71.3333 71 101 59 1 1.70141e38 1.70141e38 1.70141e38 1.70141e38 1.70141e38 1.70141e38 1.70141e38 1.70141e38 1.70141e38 1.70141e38 1.70141e38 1.70141e38 1.70141e38
1186 1280 1128 1145 1177 868 785 760 761 758 754 731 746 870 899 999 1172 1222 1198 1152 965 653 548 497 398 338 276 296 520 758 792 426 182 533 676 674 637 507 402 548 565 565 583 640 690 718 670 616 594 492 413 356 198 121 145 106 60 60 60 60 90 101 137 121 121 62 3 31.1429 59.2857 87.4286 115.571 143.714 171.857 200 165 133 101 1 1.70141e38 1.70141e38 1.70141e38 1.70141e38 1.70141e38 1.70141e38 1.70141e38 1.70141e38 1.70141e38 1.70141e38 1.70141e38 1.70141e38 1.70141e38
1341 1341 1469 1332 1524 1129 806 731 727 719 707 712 722 751 891 1129 1341 1345 1277 1444 1169 897 914 670 670 481 547 655 579 670 792 548 291 426 609 863 811 679 597 529 691 737 802 621 522 426 321 316 478 510 447 404 436 431 329 174 117 63 60 60 43 38 27 7 1 33.75 66.5 99.25 132 164.75 197.5 230.25 263 291 243 182 1 1 1.70141e38 1.70141e38 1.70141e38 1.70141e38 1.70141e38 1.70141e38 1.70141e38 1.70141e38 1.70141e38 1.70141e38 1.70141e38 1.70141e38 1.70141e38
1412 1463 1150 1120 1328 1217 1036 731 693 684 673 670 669 669 762 914 973 934 1014 1138 1341 1392 1227 998 1033 738 670 914 1018 976 772 562 369 548 670 805 914 788 785 726 500 609 686 541 426 396 291 263 304 341 261 432 487 487 427 322 248 121 61 58 22 7 1 39.4444 77.8889 116.333 154.778 193.222 231.667 270.111 308.556 347 366 308 308 121 1 1 1.70141e38 1.70141e38 1.70141e38 1.70141e38 1.70141e38 1.70141e38 1.70141e38 1.70141e38 1.70141e38 1.70141e38 1.70141e38 1.70141e38 1.70141e38
1188 1067 971 1017 1273 1458 1073 878 671 659 652 639 640 644 658 687 744 790 848 943 1060 1146 1103 1200 1219 1097 1036 1036 904 721 535 426 581 722 713 857 807 895 824 609 365 460 469 375 295 248 281 281 296 259 243 226 355 365 304 261 224 174 120 61 23 1 21.125 41.25 61.375 81.5 101.625 121.75 141.875 162 487 443 416 383 360 182 1 1 1.70141e38 1.70141e38 1.70141e38 1.70141e38 1.70141e38 1.70141e38 1.70141e38 1.70141e38 1.70141e38 1.70141e38 1.70141e38 1.70141e38 1.70141e38
927 875 908 1109 1200 1258 1195 955 719 610 615 606 604 605 607 616 707 936 1078 1142 1158 1118 1003 831 914 1021 866 763 670 660 670 771 810 880 716 626 554 465 522 508 463 406 365 379 548 540 574 488 437 365 298 251 193 145 122 184 163 136 122 67 41 15 1 13.3333 25.6667 38 50.3333 62.6667 75 335 573 621 564 505 243 1 1.2 1 1.70141e38 1.70141e38 1.70141e38 1.70141e38 1.70141e38 1.70141e38 1.70141e38 1.70141e38 1.70141e38 1.70141e38 1.70141e38 1.70141e38 1.70141e38
885 943 1097 1157 1139 1069 872 679 609 548 580 579 576 586 598 656 914 1100 1103 925 868 965 1103 731 628 592 731 731 667 616 772 951 805 772 853 725 674 680 465 416 426 426 356 227 190 298 464 669 642 580 538 391 306 248 182 129 60 60 60 60 52 1 1 20 39 58 77 96 222 609 753 690 520 277 114 1 1.4 1 1.70141e38 1.70141e38 1.70141e38 1.70141e38 1.70141e38 1.70141e38 1.70141e38 1.70141e38 1.70141e38 1.70141e38 1.70141e38 1.70141e38 1.70141e38
1192 1280 1321 1288 1240 1052 950 914 680 549 547 550 548 550 548 718 981 1097 866 742 743 929 1048 962 731 514 279 337 243 426 593 689 792 1063 888 965 1148 965 883 772 822 813 739 487 278 184 182 284 550 489 420 347 295 202 117 85 87 30 1 16.1111 31.2222 46.3333 61.4444 76.5556 91.6667 106.778 121.889 137 196 304 398 343 243 107 1 1.375 1.6 1 1.70141e38 1.70141e38 1.70141e38 1.70141e38 1.70141e38 1.70141e38 1.70141e38 1.70141e38 1.70141e38 1.70141e38 1.70141e38 1.70141e38 1.70141e38
1119 1181 1100 1141 1219 1113 1113 1195 895 537 516 518 519 515 505 648 917 867 822 681 494 524 715 792 670 396 245 182 277 480 618 726 1000 762 529 462 548 579 622 534 569 709 853 558 528 396 288 126 163 243 280 255 182 131 68 1 1 1 1 1 1 1 1 1 1 1 1 1 29.5 58 10 1 208.571 92.1429 1.28571 1.75 1.8 1 1.70141e38 1.70141e38 1.70141e38 1.70141e38 1.70141e38 1.70141e38 1.70141e38 1.70141e38 1.70141e38 1.70141e38 1.70141e38 1.70141e38 1.70141e38
989 977 1036 1174 1262 1283 1219 1254 1038 609 487 484 485 484 485 550 755 914 1085 886 626 441 253 255 326 277 121 182 498 740 839 812 851 1036 914 751 667 619 446 257 184 304 461 555 548 545 488 375 243 310 279 122 192 97 1 1 68.1111 28.4444 13.4444 40.3333 44.5 1 2.33333 37.8 7 50.8 11 1.16667 140.286 48.5 8.66667 1.16667 174.143 77.2857 1.57143 2.125 2 1 1.70141e38 1.70141e38 1.70141e38 1.70141e38 1.70141e38 1.70141e38 1.70141e38 1.70141e38 1.70141e38 1.70141e38 1.70141e38 1.70141e38 1.70141e38
774 899 940 1004 1159 1129 1092 1158 1150 858 500 447 447 443 426 426 532 756 957 1127 875 805 547 304 243 121 121 277 518 765 1005 1097 1106 963 1036 1188 1219 995 965 792 425 121 198 365 405 370 297 316 121 247 228 121 1 84.3333 11.4 1 58.6667 27.6667 19.6667 33.7778 42 1 2.77778 42.2 7.85714 49.4 12 1.33333 112.429 39 7.33333 1.33333 139.714 62.4286 1.85714 2.5 2.2 1 1.70141e38 1.70141e38 1.70141e38 1.70141e38 1.70141e38 1.70141e38 1.70141e38 1.70141e38 1.70141e38 1.70141e38 1.70141e38 1.70141e38 1.70141e38
476 596 810 942 1036 907 934 1006 1158 975 697 427 408 408 409 414 422 561 714 866 1097 1074 762 653 497 282 124 121 216 548 588 899 926 912 609 471 522 803 535 528 430 142 69 136 89 50 261.8 313.6 186.2 185.5 171.25 91 12.8 71.6667 21.8 1 49.2222 26.8889 25.8889 27.2222 39.5 1 3.22222 46.6 8.71429 48 13 1.5 84.5714 29.5 6 1.5 105.286 47.5714 2.14286 2.875 2.4 1 1.70141e38 1.70141e38 1.70141e38 1.70141e38 1.70141e38 1.70141e38 1.70141e38 1.70141e38 1.70141e38 1.70141e38 1.70141e38 1.70141e38 1.70141e38
163 393 648 865 791 731 792 907 1108 1066 889 628 365 373 371 367 363 477 763 1043 1242 1051 782 664 558 437 348 268 115 95 304 583 480 609 650 621 476 316 121 62 45 12 60 1 67 48.75 226.6 311.2 251.4 124 114.5 61 24.6 59 32.2 1 39.7778 26.1111 32.1111 20.6667 37 1 3.66667 51 9.57143 46.6 14 1.66667 56.7143 20 4.66667 1.66667 70.8571 32.7143 2.42857 3.25 2.6 1 1.70141e38 1.70141e38 1.70141e38 1.70141e38 1.70141e38 1.70141e38 1.70141e38 1.70141e38 1.70141e38 1.70141e38 1.70141e38 1.70141e38 1.70141e38
30 92 284 498 389 571 807 853 884 853 933 938 616 338 322 315 304 304 470 703 857 764 804 457 426 303 500 483 243 60 60 60 174 304 326 191 190 100 1 49.8 49.6667 31.75 45.25 61.5 45 47.5 191.4 308.8 316.6 62.5 57.75 31 36.4 46.3333 42.6 1 30.3333 25.3333 38.3333 14.1111 34.5 1 4.11111 55.4 10.4286 45.2 15 1.83333 28.8571 10.5 3.33333 1.83333 36.4286 17.8571 2.71429 3.625 2.8 1 1.70141e38 1.70141e38 1.70141e38 1.70141e38 1.70141e38 1.70141e38 1.70141e38 1.70141e38 1.70141e38 1.70141e38 1.70141e38 1.70141e38 1.70141e38
30 30 30 177 224 196 267 382 481 574 705 933 961 499 267 274 273 270 243 442 417 487 466 294 150 191 242 243 182 60 60 60 60 48 34 1 1 1 1 1 1 1 1 1 1 1 1 1 1 1 1 1 18.3333 35.6667 53 1 1.08333 1.16667 1.25 1.33333 1.41667 1.5 1.58333 1.66667 1.75 1.83333 1.91667 2 1 1 2 2 2 3 3 4 3 1 1.70141e38 1.70141e38 1.70141e38 1.70141e38 1.70141e38 1.70141e38 1.70141e38 1.70141e38 1.70141e38 1.70141e38 1.70141e38 1.70141e38 1.70141e38
30 30 30 30 30 30 30 48 96 243 544 639 616 507 252 229 229 211 193 157 108 74 87 92 60 223 348 442 452 433 365 304 60 11 1 1 1 1 1 1 1 1 1 1 1 45 121 304 447 488 487 350 60 21 1 1 1 1 1 1 2.33333 3.66667 5 8 11 14 17 20 17 9 7 8 7 10 10 11 11 3 1 1.70141e38 1.70141e38 1.70141e38 1.70141e38 1.70141e38 1.70141e38 1.70141e38 1.70141e38 1.70141e38 1.70141e38 1.70141e38 1.70141e38
59 55 39 30 30 30 30 30 30 30 197 314 305 327 310 182 182 182 162 134 117 180 188 78 56 60 170 338 457 431 390 155 13 21.6667 30.3333 39 47.6667 56.3333 65 73.6667 82.3333 91 1 243 426 487 365 131 53 10 72 60 60 60 75 56 2 23 57 41 27 1 1 7 13 41 43 39 33 20 13 13 13 15 18 14 18 9 1 1 1.70141e38 1.70141e38 1.70141e38 1.70141e38 1.70141e38 1.70141e38 1.70141e38 1.70141e38 1.70141e38 1.70141e38 1.70141e38
286 547 413 142 60 32 30 30 30 30 29 29 29 46 53 192 304 250 122 89 32 135 198 148 198 121 61 60 176 94 116 13 11.2857 9.57143 7.85714 6.14286 4.42857 2.71429 1 1 3.75 6.5 9.25 12 8.33333 4.66667 1 14.5 28 41.5 55 73 71 68 78 121 121 63 60 60 87 55 51 73 200 291 179 57 48 31 20 19 17 19 24 23 24 17 10 1 1 1.70141e38 1.70141e38 1.70141e38 1.70141e38 1.70141e38 1.70141e38 1.70141e38 1.70141e38 1.70141e38 1.70141e38
390 591 596 369 187 149 74 30 30 30 20 11 8 16 23 29 109 202 169 30 30 31 206 525 609 548 400 253 78 61 182 60 1 47.6 94.2 140.8 187.4 234 365 177 73 17 55 150 60 30 60 79 69 182 182 158 178 202 158 133 176 179 191 175 182 200 261 303 312 336 319 212 131 44 29 26 30 27 30 29 31 25 19 12 6 1 1.70141e38 1.70141e38 1.70141e38 1.70141e38 1.70141e38 1.70141e38 1.70141e38 1.70141e38 1.70141e38
399 644 883 835 591 419 318 137 32 30 23 8 1 9 14 17 22 25 26 29 36 45 53 157 327 411 339 304 121 60 60 60 41 1 61.5 122 182.5 243 424 369 237 130 183 291 365 378 426 367 548 338 518 670 560 578 457 296 396 467 372 487 392 552 522 505 487 445 473 320 182 54 30 31 37 34 37 37 38 32 28 23 18 13 7 1 1 1.70141e38 1.70141e38 1.70141e38 1.70141e38 1.70141e38 1.70141e38
470 506 680 646 609 592 548 548 471 345 83 5 1 3 7 10 14 16 17 19 26 32 38 21 1 1 30 60 213 325 263 97 2 1 24.25 47.5 70.75 94 263 339 304 396 507 415 499 581 792 774 862 526 445 776 911 762 457 487 792 746 487 548 568 778 853 914 792 623 408 177 63 39 40 40 43 41 44 44 45 40 37 34 31 27 23 18 11 2 1 1.70141e38 1.70141e38 1.70141e38 1.70141e38
749 670 759 1036 1087 1080 1062 914 782 685 458 198 63 1 1 2 6 7 8 10 14 17 20 24 1 1 1 1 1 40 256 121 1 12.8 24.6 36.4 48.2 60 221 360 422 548 752 792 591 753 914 1024 990 590 487 792 881 699 521 578 822 669 792 873 726 914 782 535 373 182 121 52 36 42 48 50 51 49 51 51 51 48 46 45 43 42 39 36 33 29 27 20 10 1 1
1094 905 716 771 942 1084 1234 1164 1084 936 816 731 622 383 196 42 2 1 1 1 2 4 5 13 1 1 1 6.9 12.8 18.7 24.6 30.5 36.4 42.3 48.2 54.1 60 121 335 457 548 731 957 893 609 721 791 895 1005 724 595 749 904 975 687 731 792 914 883 909 720 835 545 334 155 59 49 46 47 49 55 59 58 57 58 58 58 56 56 56 55 56 56 56 55 56 91 107 128 152 156
1062 1235 880 818 984 1090 1196 1294 1397 1339 1229 1151 1014 842 670 430 155 65 151 77 42 20 27 1 1 1 1 3.28571 5.57143 7.85714 10.1429 12.4286 14.7143 17 78 274 548 596 552 609 609 716 943 1120 911 852 943 1028 1030 1012 803 802 923 1066 1036 1105 1097 892 786 531 548 625 323 112 60 56 48 51 54 57 60 76 106 125 114 126 101 121 121 150 162 167 177 186 199 201 204 216 222 224 220
1237 1266 1004 975 1069 1224 1285 1365 1372 1278 1341 1310 1026 775 538 539 588 667 569 507 653 554 390 426 397 340 314 268 91 48 51 79 138 286 457 682 680 609 731 931 825 790 975 975 842 891 1041 924 928 1036 1158 1158 883 676 606 633 698 876 853 609 350 260 121 59 57 55 54 56 58 89 221 240 286 247 235 244 182 245 273 294 299 286 299 288 304 303 293 254 248 246 243
1020 1114 1158 1077 1096 1126 1158 1188 1144 1102 1057 997 905 772 731 927 1122 1120 1097 1051 1087 759 662 817 925 832 843 742 694 653 640 484 365 670 854 782 900 1005 916 912 853 670 629 609 617 651 680 622 661 723 804 853 917 1082 853 545 398 517 472 340 321 107 64 59 56 56 58 60 121 192 265 284 304 365 310 244 305 348 384 401 412 413 398 366 348 328 308 271 260 251 243
