DATA/REDOUBT_/inidata/topo.grd
DSAA
121 121
  -153.19999999999999000   -152.19999999999999000
    60.00000000000000000     61.00000000000000000
1 3048
[rows 40 to 79 of 121, columns 0 to 90 of 121]
742 853 940 958 1008 1055 1117 1264 1326 1290 1229 1155 1043 877 824 914 1029 1122 1177 1086 1010 792 758 792 904 1137 1006 920 909 972 966 1036 870 883 817 635 582 751 904 957 778 751 747 782 769 731 534 427 378 411 471 521 673 647 674 754 594 327 193 121 243 111 72 63 67 87 115 243 304 324 377 406 440 486 455 304 392 548 543 670 626 649 607 511 416 362 328 290 273 262 251
858 804 830 883 943 986 1034 1174 1259 1322 1326 1244 1172 1046 1049 1097 1206 1331 1195 1202 1140 1029 975 937 915 1042 1219 934 724 670 731 785 875 970 792 548 539 661 910 718 755 901 1029 763 693 821 971 783 599 487 365 306 286 244 314 289 281 172 121 121 121 118 98 98 106 119 146 315 351 433 593 721 609 782 487 356 485 758 760 615 731 790 742 609 463 390 349 304 287 273 256
1011 1036 1121 1229 1229 975 957 1127 1314 1370 1415 1370 1341 1243 1280 1297 1135 1036 936 883 888 941 964 876 954 920 867 910 958 844 638 597 683 759 670 445 490 609 670 542 525 731 853 572 533 722 914 1002 1188 1036 880 807 706 402 261 182 121 121 121 121 121 122 131 121 190 327 398 382 425 670 948 975 827 892 507 365 484 607 792 975 913 901 790 731 537 406 343 304 303 287 259
1014 1117 1219 1194 1101 887 799 973 1097 1181 1234 1271 1355 1362 1332 1295 1284 1240 946 670 581 538 590 641 792 663 685 914 914 853 853 640 488 472 330 182 233 234 216 219 249 279 297 287 365 464 597 566 792 773 873 662 426 243 127 121 124 121 121 121 121 121 281 350 406 622 792 446 497 609 670 790 924 768 426 486 686 914 755 909 864 712 640 682 520 396 334 306 304 300 252
914 955 965 965 875 604 670 886 1105 1300 1230 1306 1420 1417 1403 1329 1293 1173 1069 1005 939 794 625 306 349 336 426 389 370 358 396 347 279 190 182 182 182 182 182 182 182 184 182 182 182 182 189 243 335 486 365 304 197 172 134 182 182 137 134 123 121 194 269 509 633 548 744 817 609 914 822 849 975 609 568 719 782 731 882 762 613 703 716 670 507 365 325 307 304 269 244
1279 1130 1058 1044 853 552 635 895 1137 1143 1174 1214 1309 1267 1280 1268 1285 1348 1168 1128 1219 1327 1057 582 338 198 182 182 182 182 182 182 182 182 182 182 182 182 182 203 229 228 222 202 204 202 199 196 190 185 182 182 182 179 155 182 182 161 174 243 365 469 365 482 679 897 703 762 914 842 985 914 793 731 767 853 946 883 775 731 853 735 667 503 447 389 365 365 306 297 245
1273 1302 1298 1166 940 648 488 633 731 880 1049 1229 1261 1081 1063 1070 1098 1052 914 909 1005 986 799 365 182 182 182 182 182 182 182 182 182 182 278 182 187 214 233 235 281 275 266 223 226 225 221 215 209 206 198 185 182 182 175 182 182 182 259 338 533 731 548 639 762 738 783 896 982 897 1005 942 967 975 792 701 853 914 762 619 426 562 566 548 455 403 369 339 304 293 250
1188 1097 1223 1146 1095 927 697 448 451 610 828 991 1077 944 969 1011 1272 1301 1000 755 655 662 622 182 182 182 182 335 562 629 579 508 494 690 792 792 715 716 701 629 578 483 364 261 258 247 243 233 228 226 222 216 217 219 222 235 304 388 486 658 792 612 731 790 881 975 843 635 767 944 640 596 714 975 792 529 570 735 670 548 431 304 340 298 291 290 300 297 245 220 182
747 768 609 558 503 502 533 464 365 304 411 461 507 548 720 978 1188 1088 922 685 517 273 181 176 182 182 264 485 792 1002 945 800 827 975 1188 1208 1229 1280 1219 1219 1139 1041 904 519 304 274 260 263 268 274 320 309 295 335 405 502 486 654 788 691 815 890 995 903 705 555 548 599 731 914 762 495 467 640 716 536 385 380 380 300 259 234 182 197 179 182 182 160 172 168 139
713 757 842 815 656 560 491 456 451 375 292 243 229 262 404 581 808 708 477 250 190 182 177 182 231 335 611 822 975 1054 1029 1020 1097 1141 1125 1272 1323 1200 906 881 975 880 670 359 304 303 327 499 585 639 568 352 395 589 723 977 797 770 814 975 944 1036 883 847 975 762 530 426 470 487 410 354 345 319 304 304 277 244 224 182 182 182 162 126 121 121 121 121 121 121 121
1043 1147 1054 1024 999 950 1036 952 906 864 771 517 304 215 213 213 241 225 198 198 197 285 460 640 711 792 751 853 999 1100 1269 1142 1185 1300 1280 1005 909 904 930 763 629 380 304 338 354 397 474 680 853 1022 762 549 427 548 721 958 1219 1103 1092 795 720 670 667 670 631 571 538 470 428 399 365 365 361 349 331 342 314 238 182 182 182 179 166 141 121 121 121 121 121 121 121
1219 1234 1207 1316 1219 1158 1173 1087 1068 1037 865 799 732 617 390 266 213 210 207 206 336 648 967 1188 1402 1341 1046 1006 1068 1060 1198 1315 1402 1332 1268 1059 1041 876 589 416 365 395 423 426 487 562 548 678 832 1060 1036 942 731 538 547 670 853 1158 1015 983 914 762 617 594 572 548 524 470 427 417 318 292 274 243 224 195 203 201 182 195 231 260 386 492 350 375 304 236 198 156 134
886 838 809 807 794 853 838 863 862 902 800 705 658 609 584 394 238 213 213 288 557 888 1023 1228 1202 1115 1150 1198 1280 1194 1129 1280 1158 1158 936 827 644 439 426 426 445 447 502 655 807 959 924 736 670 804 936 1158 1022 795 617 650 883 1101 1243 1188 957 797 717 655 601 548 537 450 383 290 244 252 264 331 416 478 435 419 542 772 908 670 853 777 728 694 597 459 423 426 319
914 887 855 864 833 706 670 670 670 715 776 820 963 960 654 385 277 237 243 437 645 927 1027 1275 1066 946 975 1184 1188 1045 792 873 697 558 468 426 426 426 426 505 542 700 581 627 808 975 1259 1127 914 802 908 1131 1113 1097 852 773 792 914 1208 1341 944 883 853 828 676 563 501 304 304 298 365 466 548 812 926 1127 941 792 904 792 792 944 736 579 535 445 397 370 261 227 196
1204 1244 1091 1146 1145 1046 991 927 854 792 708 614 609 687 620 440 301 243 300 498 725 987 1158 1097 955 888 857 940 1058 954 658 448 426 426 426 426 473 518 548 675 842 1085 1036 826 731 790 926 1188 1290 1108 985 1127 1288 1365 1101 945 941 960 1097 1299 1078 1036 990 779 646 626 463 349 306 517 784 965 979 944 670 644 567 460 395 355 315 304 299 268 244 220 214 182 182 182 207
1364 1338 1144 1163 1263 1158 1030 963 945 1219 1135 921 723 548 511 447 354 302 426 567 824 1043 1026 980 930 805 731 723 731 609 470 426 426 577 701 914 960 1066 885 785 883 1219 1280 1198 1056 863 897 1097 1432 1361 1272 1377 1532 1492 1370 1204 1172 1154 1154 1255 1278 1175 929 863 863 662 551 382 365 585 853 836 958 853 731 429 375 482 585 664 678 731 508 273 215 184 219 265 335 380 392
950 853 769 792 914 994 1107 983 831 792 818 811 726 610 495 387 317 457 667 673 719 901 1076 1287 1337 1016 982 1043 821 537 426 426 493 701 1017 1251 1480 1406 1202 949 975 1045 1170 1430 1524 1234 1063 1097 1235 1524 1586 1672 1821 1727 1560 1463 1375 1424 1362 1341 1341 1164 995 914 746 727 604 395 365 548 789 899 1104 822 549 542 669 822 914 853 670 485 298 268 247 462 731 699 612 542 449
1166 955 884 792 689 670 647 609 609 579 548 568 560 473 365 429 609 776 1006 1255 1038 869 853 1158 1293 1188 1234 1021 765 548 438 426 537 756 1006 1158 1213 1341 1372 1140 1139 1193 1219 1280 1584 1458 1533 1445 1533 1605 1772 1879 2136 1930 1961 1767 1733 1634 1576 1471 1346 1219 1099 1008 880 886 925 670 451 407 564 826 1036 959 694 609 731 975 1234 822 446 304 243 243 390 578 849 737 675 589 507
1158 1094 1250 1059 954 930 949 914 914 858 802 699 472 426 507 710 893 1097 1199 1375 1264 1088 997 1041 1203 1219 1150 1127 1188 772 515 427 485 589 741 920 1043 1181 1406 1398 1293 1351 1436 1488 1563 1639 1767 1950 2011 1995 2084 2165 2377 2538 2438 2360 2176 1930 1632 1447 1241 1164 1129 1048 1000 1000 1097 956 670 501 546 826 1127 1066 849 975 1239 1225 956 548 304 243 243 398 504 640 936 975 914 731 519
1362 1451 1198 1104 1280 1168 1146 1404 1153 914 821 664 481 427 631 914 1025 1260 1248 1325 1401 1402 1325 1158 1132 975 940 905 898 914 609 428 451 623 872 878 837 914 1056 1152 1256 1402 1524 1571 1628 1733 1849 2023 2272 2542 2514 2621 2682 2731 3048 2682 2299 1981 1696 1483 1312 1269 1341 1205 1120 1110 1175 822 670 631 609 782 965 1075 1118 1402 1005 801 647 416 252 243 396 658 774 1048 908 730 601 541 511
1237 1278 1202 1330 1364 1181 1081 926 913 952 1078 954 670 502 520 680 678 779 918 1087 1311 1524 1280 1098 1001 980 883 822 579 548 548 555 550 731 1097 1178 1109 1039 1039 1079 1161 1332 1455 1531 1563 1617 1716 1899 2165 2499 2438 2263 2406 2546 2712 2525 2235 2043 1852 1662 1534 1376 1328 1280 1239 1166 962 875 926 741 665 875 1097 1189 1135 1203 934 698 352 245 284 426 629 948 1178 1219 1219 863 612 683 914
1091 1231 1584 1577 1257 1191 1118 1137 1246 1353 1214 1037 806 609 548 834 1066 1000 979 1003 1082 1353 1334 1233 1111 988 975 884 619 549 678 1045 1015 755 838 1146 1223 1463 1280 1189 1203 1310 1323 1395 1442 1497 1625 1767 2072 2271 1911 1859 2105 1986 2098 1989 1889 1894 1700 1574 1513 1422 1339 1280 1237 1188 1074 1166 1143 886 731 914 1158 977 996 843 792 426 304 365 568 758 893 868 824 826 868 975 855 842 904
1189 1415 1437 1399 1402 1382 1418 1467 1354 1280 1203 1113 835 620 639 849 1148 1346 1227 1122 1150 1381 1171 1050 957 944 951 777 589 548 731 879 1097 1263 1023 991 1036 1097 1094 1084 1093 1104 1158 1219 1264 1360 1456 1535 1630 1772 1508 1584 1676 1582 1680 1859 1615 1524 1468 1390 1313 1280 1215 1274 1137 1036 1047 1188 1264 1010 853 963 1154 1036 897 792 609 344 403 640 759 1056 900 1005 853 548 713 629 668 792 853
1463 1208 1198 1263 1487 1584 1463 1426 1341 1390 1579 1219 933 744 667 822 1038 1183 1374 1534 1511 1437 1232 977 854 804 743 674 633 657 873 1127 1219 1218 1219 1262 1210 1146 1067 1032 979 947 957 1012 1091 1208 1290 1354 1402 1463 1280 1172 1173 1310 1450 1463 1432 1345 1207 1185 1209 1143 1029 963 914 853 903 1022 1279 1097 873 775 1048 1052 1158 914 526 418 651 914 1053 889 670 758 694 496 386 548 696 826 843
971 1092 1158 1249 1462 1580 1518 1555 1352 1194 1092 986 882 863 731 843 954 1091 1186 1403 1229 1122 1036 970 966 1123 1198 1005 759 640 658 750 914 1076 1151 1215 1092 1087 1194 1278 1036 864 845 847 914 971 1036 1047 1046 1144 1162 944 877 1063 1264 1233 1091 1074 985 967 966 941 873 815 792 779 911 1158 1219 998 822 609 790 853 1069 782 640 543 731 1081 1131 1100 944 864 784 640 366 473 731 548 762
1017 1262 1382 1511 1537 1513 1516 1513 1423 1372 1325 1280 1231 1310 988 992 1219 1379 1249 1208 1156 1125 1099 1188 1305 1341 1219 1054 975 782 643 610 652 755 900 1061 1097 953 925 995 1133 853 762 729 724 754 798 761 802 824 937 792 736 798 1036 893 853 853 786 740 788 909 740 652 654 665 975 1036 1137 1000 731 548 657 883 1141 1068 853 600 883 1054 1065 1087 1158 1168 1011 753 442 340 296 289 365
914 1084 1219 1381 1399 1384 1390 1394 1478 1473 1322 1298 1402 1392 1248 1179 1306 1463 1306 1230 1207 1238 1341 1128 1110 1198 1269 1332 1274 1066 941 853 623 550 645 782 996 1080 833 646 718 679 581 577 595 583 572 548 560 544 548 564 613 556 548 670 593 557 559 603 651 731 594 480 505 685 781 876 1005 731 548 636 924 1059 1158 931 740 907 1000 1099 1065 1004 1003 1011 1082 904 701 690 707 651 548
1217 1050 1036 1097 1056 1142 1302 1463 1381 1422 1257 1179 1189 1280 1146 1126 1240 1299 1249 1183 1082 1142 1286 1077 1051 1028 1024 1072 1266 1332 1274 1186 853 692 557 522 548 562 522 495 452 473 446 426 426 508 452 475 458 493 503 518 504 467 430 373 389 407 426 440 416 389 387 365 359 504 640 840 796 609 463 640 873 1030 1158 943 893 1011 1171 997 920 869 924 909 871 848 850 932 1087 1062 905
1337 1300 1122 863 857 853 887 1024 1148 1280 1329 1091 995 1059 1007 956 1104 1338 1152 953 931 1021 1109 1043 983 953 929 904 981 1076 1232 1188 1036 701 481 426 426 426 426 426 426 426 426 426 426 426 426 414 420 436 426 429 436 425 408 378 345 292 286 279 275 261 253 243 259 403 505 597 631 538 416 531 731 599 655 706 831 1158 1178 974 782 700 792 1036 849 786 779 790 951 950 914
1168 914 720 748 791 931 1137 909 794 855 977 1021 864 707 683 704 797 927 933 775 869 1140 1397 1291 1097 999 866 794 750 808 992 1011 803 554 426 426 426 426 426 426 426 426 426 426 426 426 426 378 365 365 365 365 379 369 304 305 304 264 247 243 243 243 232 218 206 201 283 383 505 438 439 365 365 762 957 944 1097 1293 1577 1117 670 442 483 795 914 753 727 792 828 949 949
632 548 701 958 1050 1144 1280 1436 1255 959 803 670 670 676 660 609 575 548 548 543 609 728 910 1219 1208 1319 1228 1034 853 633 549 546 436 426 426 426 426 487 593 679 707 590 587 650 708 694 653 620 535 533 548 579 643 755 721 701 622 361 305 243 243 243 226 194 186 182 182 188 199 388 504 470 342 396 670 853 1056 1280 1336 1219 995 731 400 287 345 541 487 311 443 723 609
602 824 1141 1406 1263 1273 1358 1402 1256 1232 1279 1224 1061 904 853 934 972 860 717 563 501 488 534 664 802 1076 1280 1036 868 612 456 426 426 426 517 604 638 833 896 866 811 913 943 1097 1324 1356 1288 1015 1013 1036 1111 1104 1084 939 853 699 546 670 670 655 633 558 243 182 182 182 182 182 182 182 270 377 471 429 202 355 548 781 853 975 1161 1052 938 640 446 279 183 182 285 284 272
1093 1126 1227 1466 1325 1252 1229 1189 1194 1284 1524 1527 1204 1057 1085 1305 1257 1029 971 970 902 728 565 456 526 609 645 542 481 426 426 426 472 619 800 950 904 849 930 1158 1158 994 1005 1027 1118 1280 1374 1311 1234 1258 1082 1025 914 753 758 873 807 912 1036 1107 1035 960 731 694 530 225 182 182 182 165 153 136 245 273 253 170 190 284 426 670 874 662 863 944 992 805 601 365 274 131 122
1097 1208 1352 1503 1355 1253 1118 1108 1113 1234 1451 1524 1268 1156 1197 1282 1414 1377 1185 1132 1078 970 765 548 493 460 427 426 426 470 492 531 600 761 1097 1284 1415 1188 1066 995 1029 1092 1206 1054 1092 1133 1249 1369 1454 1584 1158 1019 968 980 1131 1343 1158 1065 1097 1145 1158 1205 1062 917 785 727 609 399 185 158 123 121 121 121 121 121 121 121 121 210 238 304 547 548 323 535 518 579 396 369 324
1259 1219 1242 1311 1444 1279 1151 1036 990 971 1008 1024 1137 1239 1313 1377 1478 1517 1313 1089 870 700 608 500 494 548 579 609 601 619 704 853 975 942 802 961 1157 1340 1584 1386 1322 1164 1210 1391 1249 1226 1268 1432 1524 1417 1298 1170 1132 1139 1238 1306 1479 1524 1463 1351 1262 1278 1361 1251 1017 1016 1097 894 744 609 446 304 151 122 121 121 121 121 121 121 121 121 121 121 109 108 105 99 83 76 182
1180 1263 1402 1268 1327 1426 1112 846 715 768 979 1170 1206 1334 1517 1477 1361 1256 1169 950 851 893 978 778 666 716 808 1010 1042 1036 1136 1341 1280 1277 1310 1125 1084 1137 1200 1330 1534 1441 1331 1320 1481 1359 1360 1430 1524 1575 1536 1442 1402 1328 1424 1507 1391 1387 1402 1504 1473 1396 1380 1402 1333 1141 1118 1053 1097 1097 1097 899 659 474 335 282 182 187 133 121 121 121 121 121 95 66 60 64 61 60 60
1371 1535 1247 1135 1173 1402 1007 787 670 812 1112 1298 1402 1513 1391 1433 1334 1147 1148 1248 1458 1140 1082 1158 939 814 812 849 894 1046 1273 1417 1516 1524 1483 1463 1463 1256 1277 1311 1402 1524 1552 1594 1640 1543 1475 1513 1571 1676 1706 1577 1495 1449 1470 1428 1292 1278 1341 1378 1456 1584 1402 1370 1341 1330 1267 1271 1284 1325 1402 1219 1113 978 914 731 667 579 619 518 487 548 548 453 203 105 79 88 61 60 61
1102 1119 937 1015 1256 1244 904 609 643 881 1050 1158 1261 1402 1200 1104 1035 1017 1072 1306 1524 1310 1158 1341 1098 1058 1085 1066 917 973 1031 1094 1320 1524 1554 1676 1741 1556 1447 1514 1599 1739 1702 1780 1674 1567 1539 1536 1575 1584 1572 1526 1481 1426 1341 1282 1276 1228 1219 1235 1269 1323 1401 1341 1288 1254 1220 1197 1198 1209 1280 1350 1418 1462 1449 1337 1219 1089 1100 915 920 974 762 426 393 341 218 252 304 243 213
876 728 954 1219 1280 970 682 539 731 965 1097 1233 1393 1507 1216 1040 889 898 1021 1276 1516 1365 1195 1166 1292 1152 1157 1271 1463 1280 1061 1073 1103 1218 1397 1584 1524 1555 1696 1717 1668 1708 1693 1646 1620 1584 1564 1529 1543 1574 1642 1530 1475 1438 1402 1355 1313 1219 1209 1195 1196 1214 1314 1290 1289 1183 1154 1153 1152 1157 1219 1280 1308 1263 1176 1085 964 802 758 674 609 663 548 441 437 431 421 461 548 580 571
409 446 594 703 812 726 505 527 760 1066 1165 1273 1402 1248 1229 917 737 801 1050 1231 1500 1313 1235 1197 1169 1097 1121 1280 1341 1452 1550 1366 1195 1186 1210 1271 1342 1420 1598 1767 1865 1834 1788 1818 1818 1716 1609 1524 1489 1468 1473 1532 1584 1522 1437 1373 1316 1255 1209 1158 1158 1158 1128 1095 1088 1079 1081 1089 1103 1139 1265 1261 1235 1219 1263 1280 1093 1131 1219 853 640 620 612 543 497 479 530 489 543 568 526
