DATA/RUIZ_VOL/inidata/topo.grd
DSAA
451 750
   -75.79999504052138100    -74.89999504052137500
     4.20144211608079670      5.69944211608079690
238.88 5281.39
[rows 180 to 209 of 750, columns 134 to 200 of 451]
2948.6 2925.3 2847 2879.22 2973.78 3041.88 3157.86 3213.92 3243.12 3187.84 3189.67 3265.45 3322.76 3354.44 3450.98 3504.11 3472.19 3427.78 3383.61 3283.2 3244.51 3203.3 3161.51 3054.57 3001.67 2950.84 2949.69 3309.31 3216.09 3180.17 3197.74 3191.38 3191.2 3363.17 3349.12 3305.3 3250.77 3131.05 3033.66 2928.06 2809.15 2727.36 2870.74 3737.27 3518.54 2899.83 3354.45 3766.4 3170.93 2884.71 3415.52 3483.71 3067.05 3012.78 2920.86 2862.43 2776.36 2680.42 2586.26 2501.73 2719.56 2555.09 2380.72 2325.04 2255.94 2223.96 2252.49
2865.83 2837.5 2779 2875.53 2932 3004.09 3117.19 3211.87 3188.13 3127.21 3127.93 3174.66 3217.97 3205.11 3328.88 3461.73 3505.91 3503.89 3426.6 3387.02 3351.03 3216.69 3176.18 3151.8 3068.11 2982.76 3031.06 4246.66 3374.16 3411.52 3351.71 3283.5 3285.27 3426.02 3360.16 3312.94 3243.43 3136.64 3039.88 2943.45 2847.74 2741.27 3401.2 3952.99 4197.36 3269.6 3927.75 4002.6 3433.75 3005.24 3034.82 3517.02 3112.37 3039.62 2974.88 2868.38 2760.82 2621.32 2510.09 2519.51 2557.25 2526.5 2461.39 2418.83 2338.63 2294.76 2242.24
2803.93 2741.99 2788.69 2849.44 2886.39 2987.48 3123.13 3215.98 3188.43 3121.53 3079.03 3094.87 3126.94 3146.81 3284.14 3402.97 3453.99 3551.8 3498.4 3486.03 3391.18 3304.68 3249.03 3176.28 3092.03 3019.01 3620.04 4118.65 3193.91 3266.24 3478.87 3327.95 3355.94 3367.75 3377.47 3316.48 3226.76 3135.69 3034.32 2930.26 2847.78 2827.99 4102.21 4213.2 4362.29 4165.82 4138.46 4323.44 3180.05 3135.86 3106.98 3820.57 3155.54 3083.61 3007.79 2894.03 2752.35 2571.85 2548.96 2614.02 2630.72 2631.04 2596.06 2464.09 2404.46 2305.16 2253.12
2736.73 2691.79 2751.28 2839.3 2912.02 3021.43 3113.84 3158.96 3149.96 3117.44 3055.13 3043.39 3085.77 3155.66 3256.88 3349.7 3468.18 3513.58 3535.54 3533.45 3445.75 3389.84 3308.55 3201.98 3148.51 3102.51 3249.22 3766.85 3302.32 3212.29 3274.93 3365.8 3407.99 3408.47 3360.71 3278.06 3180.09 3086.77 2955.75 2877.7 2779.71 3006.76 3989.36 4067.48 4158.59 3968.79 4082.5 4086.14 3401.38 3250.32 3367.09 3762.46 3207.83 3148.08 3068.2 2927.78 2764.52 2624.49 2717.68 2707.97 2769.02 2703.2 2574.7 2446.24 2425.62 2715.19 2341
2656.58 2706.56 2775.84 2882.93 2982.91 3070.11 3136.44 3121.24 3090.67 3099.31 3016.81 2988.43 3033.7 3076.28 3191 3307.93 3451.82 3443.09 3451.64 3446.54 3436.99 3444.07 3361.44 3310.37 3269.88 3143.34 3465.65 3507.06 3674.47 3324.63 3276.4 3353.1 3466.88 3391.75 3319.11 3220.96 3119.06 3012.97 3176.34 3927.04 3573.32 2773.24 3797.65 3957.68 3980.88 3299.29 3832.35 3823.98 3848.24 3391.87 3973.78 3628.86 3282.19 3195.66 3062.99 2908.43 2737.27 2898.03 2853.56 2922.36 2863.19 2725.07 2627.84 2526.38 2675.57 3579.8 2671.54
2698.06 2780.58 2858.32 2939.3 3042.17 3116.72 3096.42 3056.31 3006.12 3024.77 2991.75 2943.16 2983.03 3056.69 3164.36 3282.12 3393.97 3343.51 3348.51 3359.23 3331.56 3423.81 3459.56 3400.73 3299.98 3183.19 3564.86 3412.11 3947.69 3374.43 3328.16 3999.57 3488.32 3398.73 3307.1 3176.52 3041.32 2958.27 3845.79 4070.31 3458.1 2864.31 3521.82 4011.08 3293.2 3607.48 3711.06 3909.36 3911.16 3505.15 4038.9 3460 3314.44 3155.38 3048.11 3047.86 3042.26 3202.44 3069.06 2923.93 2820.67 2768.97 2642.83 2546.21 3115.44 3364.51 2611.28
2737.14 2809.69 2943.2 3054.02 3094.59 3086.1 3042.12 2975.47 2920.61 2923.24 2956.59 2934.04 3024.18 3111.27 3193.25 3253.5 3300.78 3244.98 3245.79 3277.58 3233 3378.68 3526.74 3383.51 3275.83 3281.53 3802.19 3759.34 3855.42 3404.87 3625.03 3563.52 3512.74 3419.55 3328.57 3184.55 3040.5 2996.18 3955.58 3915.36 2978.5 2937.55 2953.3 4186.99 4287.57 4207.97 4105.44 3943.03 3497.61 3542.78 3506.4 3449.4 3874.05 4724.97 3739.12 3782.9 3947.5 3786.98 3096.08 2991.89 2921.83 2790.84 2650.89 2567.11 2813.13 3539.29 2523.99
2848.33 2874.02 2975.16 3057.82 3070.8 3002.44 2989.27 2921.93 2839.4 2842.87 2899.66 2946.64 2992.42 3035.31 3120.09 3167.44 3223.29 3232.36 3172.69 3193.61 3324.34 3865.99 3682.08 3487.59 3331.72 3482.71 3955.96 3894.54 3540.04 3465.84 3639.38 3543.26 3568.27 3469.8 3288.84 3176.54 3084.6 3601.01 4047.54 3789.25 3088.26 3037.3 3149.91 4188.62 4199.66 4213.69 4200.23 3564.91 3772.27 3553.05 3536.2 3465.66 3325.33 4467.5 4108.07 3918.25 3911.24 3281.28 3175.2 3086.25 2928.98 2849.75 2771.34 2686.7 3347.06 3887.77 2659.82
2868.5 2902.7 2961.54 3021.62 2999.12 2956.73 2913.83 2925.46 2860.27 2788.24 2840.5 2865.53 2898.88 2975.51 3026.99 3047.28 3104.8 3174.48 3107.48 3205.66 3620.92 3691.19 3528.12 3480.93 3438.37 3551.12 4112.38 3819.75 3469.73 3436.03 3521.51 3749.28 3602.61 3483.91 3351.24 3237.48 3151.82 4070.63 4143.44 3274.74 3156.31 3094.71 3018.29 3807.09 4039.65 4206.91 3928.4 3811.42 3556.15 3621.55 3526.02 3435.23 3340.78 4564.57 4156.69 3774.79 3743.16 3475.23 3346.5 3215.72 3033.92 2995.43 2884.36 2816.65 3709.89 3784.89 2899.68
2727.77 2841.22 2957.84 3012.63 2929.45 2880.74 2846.79 2889.92 2843.45 2756.71 2766.8 2791.62 2856.8 2881.44 2930.02 2936.44 2987.67 3036.28 3046.28 3392.37 3499.94 3669.74 3643.47 3607.64 3532.4 3582.24 4100.7 3579.38 3484.57 3459.2 3450.67 3716.77 3572.44 3536.67 3423.67 3302.35 3602.41 4275.44 4328.8 3356.87 3220.53 3129.04 3080.05 3109.93 3953.86 4094.68 4384.11 4013.61 3620.96 3591.42 3514.57 3422.43 3353.34 3525.6 3615 4064.12 3801.7 3496.2 3476.01 3325.56 3148.35 3027.59 2902.99 3470.94 4112.56 3821.29 2871.07
2690.87 2841.12 2951.23 2998.82 2923.61 2848.09 2801.19 2810.73 2782.11 2717.39 2791.4 2853.32 2854.28 2879.83 2894.52 2917.82 2976.19 2999.17 3032.91 3168.72 3585.53 3829.82 3689.53 3681.82 3623.34 3571.64 4132.14 3581.99 3509.97 3517.35 3466.05 3589.61 3524.59 3477.07 3404.2 3256.82 3834.02 4281.73 4433.9 3366.99 3301.18 3216.94 3167.63 3279.02 4211.16 3980.83 4263.79 3872.66 3613.13 3556.55 3498.38 3419.62 3392.12 3477.31 3472.13 3509.65 3515.75 3527 3483.53 3421.25 3231.92 3101.18 2939.08 3806.17 4234.95 3488.08 3021.71
2758.55 2832.52 2937.44 2990.2 2933.91 2840.01 2761.92 2723.27 2703.07 2755.82 2851.4 2929.83 2960.63 2963.82 2970.16 3018.07 3049.62 3103.08 3162.38 3198.07 3421.49 3626.16 3588.46 3608.57 3631.49 3655.86 3737.53 3642 3577.07 3533.68 3533.02 3614.46 3588.44 3525.09 3406.5 3253.08 3772 4236.35 3723.93 3481.54 3434.89 3366.94 3707.12 3210.65 4202.04 4248.73 3963.07 3768.22 3726.22 3532.68 3487.37 3475.7 3463.24 3520.91 3546.24 3547.53 3569.72 3516.9 3471.92 3360.44 3276.02 3117.74 3614.1 3961.82 3866.98 2859.04 2693.42
2826.74 2910.73 2991.5 2975.29 2878.98 2798.21 2722.08 2660.82 2747.28 2809.02 2897.62 3001.37 3060.1 3049.81 3056 3091.96 3162.67 3193.92 3382.39 3294.87 3556.4 3611.39 3593.86 3577.99 3591.13 3573.88 3583.7 3604.35 3290.89 3522.68 3550.05 3566.77 3626.42 3496.67 3387.1 3259.22 3417.4 3308.87 3387.19 3508.77 3555.63 3502.25 3484.81 3312.72 3342.18 4329.64 4058.58 3791.3 3724.36 3552.68 3530.02 3497.69 3474.28 3547.05 3594.69 3569.96 3542.59 3547.06 3491.38 3407.68 3298.95 3213.74 3834.82 3343.49 3034.47 2890.07 2775.18
2886.56 2976.67 3026.34 2994.19 2868.44 2801.27 2723.21 2658.98 2713.27 2793.97 2906.18 3031.36 3131.42 3138.48 3128.27 3189.44 3255.07 3294.04 3419.86 3346.75 3461.36 3560.79 3572.32 3632.23 3570.76 3528.87 3483.81 3509.82 3356.93 3438.1 3441.35 3585.65 3616.25 3502.78 3357.35 3692.38 4039.1 3616.7 3373.77 3433.71 3546.93 3608.55 3560.4 3417.41 3287.73 3348.23 4018.38 3903.75 3735.75 3628.86 3570.83 3526.57 3507.95 3611.4 3575.74 3486.21 3476.85 3417.77 3359.15 3293.4 3205 3228.49 3548.9 3093.38 2946.59 2806.48 2703.07
2904.61 2953.02 2956.06 2987.52 2909.07 2882.78 2762.06 2640.16 2709.3 2824.7 2921.27 3016.53 3104.8 3203.88 3231.41 3287.91 3325.4 3349.28 3411.15 3398.06 3397.4 3494.96 3580.14 3628.38 3560.86 3582.3 3579.24 3568.21 3611.14 3666.06 3589.61 3614.13 3537.41 3486.51 3357.76 3317.59 3841.34 3552.66 3430.81 3421.64 3616.86 4077.4 3589.93 3450.4 3326.65 3319.55 3746.13 3693.49 3578.4 3641.36 3594 3559.02 3546.44 3592.48 3513.5 3455.71 3403.78 3374.52 3369.44 3337.33 3233.81 3127.69 2992.15 2930.36 2842.9 2760.54 3553.26
2912.32 2894.05 2874.3 2888.69 2857.85 2815.95 2763.84 2667.12 2667.07 2824.81 2933.47 2946.72 3085 3153.04 3254.3 3278.3 3234.81 3205.5 3277.39 3252.37 3324.22 3475.05 3491.54 3493.76 3498.42 3417.52 3445.32 3538.51 3680.58 3747.77 3769.91 3636.55 3550.82 3486.51 3418.05 3341.02 3715.29 3605.74 3542.18 3456.92 3712.47 3977.97 3627.52 3471.77 3376.26 3336.26 4032.52 3967.98 3580.38 3625.31 3613.46 3580.06 3594.38 3590.99 3543.17 3508.1 3494.46 3484.68 3478.86 3372.77 3221.86 3086.6 2969.03 2853.65 2759.35 2841.99 3955.35
2838.86 2801.97 2760.8 2813.14 2825.49 2732.3 2663.07 2610.03 2676.47 2807.85 2870.42 2934.94 3033.49 3111.21 3153.23 3221.39 3129.35 3045.73 3125.95 3134.89 3324.13 3433.23 3358.47 3339.5 3452.53 3363.58 3436.24 3537.57 3599.61 3539.08 3475.42 3611.99 3607.98 3570.12 3466.81 3377.69 3392.4 3632.72 3617.64 3575.39 3506.97 4158.05 4106.78 3552.54 3408.24 3420.03 4157.3 4134.68 3656.27 3624.41 3618.93 3599.99 3630.53 3650.01 3575.31 3536.01 3600.99 3578.8 3513.64 3378.82 3238.04 3112.2 3022.44 2887.87 2770.83 2682.1 3883.84
2798.38 2714.9 2690.02 2715.78 2766.28 2679.63 2574.21 2619.67 2718.6 2807.7 2928.62 2994.11 3023.14 3028.79 3023.21 3056.94 3073.89 2930.53 3005.11 3159.35 3365.09 3340.28 3229.9 3342.34 3413.26 3329.84 3436.22 3454.28 3484.33 3483.23 3859.23 3731.57 3672.31 3585.19 3472.63 3411.92 3410.42 3430.96 3498.47 3635.41 3594.75 3993.85 4131.48 3691.89 3452.93 4089.44 4000.65 4398.23 4032.91 3659.13 3625.51 3636.24 3681.1 3722.73 3644.38 3585.19 3651.11 3584.71 3486.71 3336.15 3186.44 3053.98 2928.29 2856.37 2759.68 3302.18 4094.19
2738.85 2649.08 2638.92 2651.32 2636.35 2570.84 2642.78 2689.73 2776.99 2870.23 2936.47 2946.47 2928.52 2918.47 2927.16 2936.31 2861.26 2816.96 2984.5 3158.1 3251.67 3184.51 3129.52 3242.72 3354.4 3342.77 3369.62 3419.29 3472.05 3693.91 3895.3 3843.93 3733.11 3628.98 3565.67 3641.34 3453.86 3440.14 3455.45 3506.5 3549.18 3608.39 3722.32 3540 4064.67 3618.49 3633.13 4208.92 4009.42 3729.28 3686.61 3697.02 3728.54 3697.76 3633.83 3654.31 3659.88 3579.04 3499.36 3349.44 3198.26 3103.8 2974.2 2862.98 2783.26 4207.75 4627.9
2669.58 2604.2 2563.38 2550.87 2496.5 2597.14 2746.01 2808.62 2833.87 2915.69 2925.97 2889.81 2836.85 2831.17 2857.27 2798.23 2737 2785.48 2943.6 3119.03 3059.85 3018.47 3101.35 3252.5 3290.36 3268.34 3352 3450.87 3665.81 3968.13 4018.31 3873.86 3810.69 3750.81 3665.74 4058.7 3579.27 3512.15 3566.63 3625.91 3561.37 3585.34 3652.87 3649.72 4129.77 3721.73 3709.46 3643.92 3674.77 3741.44 3788.91 3785.05 3772.38 3742.45 3669.8 3634.53 3611.48 3549.65 3454.13 3387.42 3332.14 3203.25 3073.39 2959.68 3589.55 4452.66 4591.5
2611.41 2556.53 2503.23 2464.23 2458.27 2610.78 2748.91 2808.34 2832.02 2859.57 2851.73 2831.38 2773.45 2736.17 2754.84 2703.53 2690.77 2764.93 2972.05 3002.83 2927.31 2999.33 3096.72 3248.9 3237.45 3277.58 3401.74 3510.9 3496.82 3562.56 3639.9 3650.71 3682.36 3706.8 3621.05 3728.55 3685.19 3663.42 3824.97 3890.93 3638.55 3617.59 4057.25 3760.73 3980.7 3803.21 3788.91 3721.16 3879.89 3858.63 3761.58 3720.29 3709.01 3669.17 3618.13 3571 3504.88 3477.52 3520.28 3798.98 3433.19 3221.34 3076.96 3064.92 4133.87 4314.41 4583.06
2615.43 2518.1 2450.87 2404.68 2434.54 2550.66 2688.89 2745.71 2708.12 2750.43 2776.53 2721.24 2700.85 2667.24 2641.54 2625.15 2649.47 2754.66 2862.51 2884.71 2884.93 3065.32 3091.38 3154.38 3248.02 3330.1 3430.54 3407.75 3366.85 3443.28 3546.56 3554.35 3569.64 3649.85 3523.32 3846.23 3987.73 3699.6 3631.33 3666.42 3675.78 3702.72 3899.58 3770.1 3791.37 3806.84 3843.13 3857.65 3795.94 3744.66 3709.62 3708.79 3660.06 3621.25 3553.78 3554.3 3524.33 3482.12 3463.62 3482.27 3476.4 3894.75 3148.19 3799.78 4469.43 4367.44 4450.86
2610.62 2534.49 2434.29 2363.98 2390.48 2539.24 2597.63 2590.67 2588.65 2736.19 2692.9 2679.72 2600.17 2559.37 2562.05 2593.99 2627.43 2662.11 2728.05 2807.46 2897.96 3053.84 3179.17 3215.58 3305.57 3286.89 3337.49 3293.76 3285.85 3388.82 3481.59 3522.01 3519.94 3588.17 3482.71 3552.89 3609.35 3621.23 3510.15 3518.86 3610.19 3624.84 3599.4 3661.87 3683.88 3699.12 3762.95 3749.29 3652.46 3593.08 4045.36 3728.41 3625.37 3589.65 3542.25 3510.41 3488.1 3477.2 3467.13 3426.46 3446.14 3938.07 3108.35 3225.3 4027.4 4418.29 4309.39
2613.96 2535.25 2422.53 2326.71 2359.56 2515.01 2489.01 2500.17 2565.18 2669.23 2627.47 2570.68 2506.03 2527.26 2608.57 2656.17 2689.21 2766.11 2800.12 2841.8 2926.63 3036.39 3112.52 3181.38 3232.59 3197.96 3212.79 3159.85 3226.58 3310.38 3411.51 3495.19 3515.31 3528.75 3449.53 3400.99 3457.81 3516.37 3471.67 3497.8 3561.33 3541.93 3453.3 3533.92 3596.14 3595.21 3667.29 3653.08 3549.25 3523.06 3880.84 3681.21 3673.94 3601.4 3560.24 3525.67 3506.48 3490.48 3491.4 3419.53 3291.37 3282.31 3210.4 3082.33 4035.85 4264.76 4145.89
2583.84 2469.38 2370.22 2296.87 2412.84 2499.92 2445.41 2469.37 2536.15 2562.75 2523.84 2473.05 2488.53 2597.78 2658.63 2747.5 2800.74 2864.85 2903.38 2939.08 2978.77 2978.31 2955 3057.31 3155.49 3097.88 3112.8 3078.37 3164.29 3297.2 3391.13 3440.62 3447.13 3470.25 3372.34 3333.84 3405.94 3457.83 3806.13 3530.43 3439.88 3467.14 3382.8 3455.33 3553.24 3476.51 3531.49 3538.69 3502.64 3477.36 3524.99 3895.71 3744.58 3761.62 3708.96 3656.17 3637.05 3598.94 3567.33 3493.25 3404.32 3292.47 3145.23 3068.48 3404.34 3985.36 4137.59
2498.47 2417.06 2343.9 2268.92 2419.49 2431.49 2390.8 2398.65 2459.39 2493.67 2456.71 2435.67 2526.16 2623.9 2712.87 2811.52 2918.48 2994.97 3090.06 3078.37 3008.35 2913.59 2846.1 2901.7 3027.21 2964.02 2991.69 2981.91 3136.51 3281.82 3306.73 3348.2 3369.51 3333.72 3291.05 3354.06 3579.27 3592.83 3535.93 3381.47 3330.84 3375.19 3352.54 3374.66 3454.66 3395.05 3426.27 3439.33 3443.15 3556.76 3918.36 3972.53 3625.43 3648.36 3665.74 3699.99 3686.63 3635.75 3610.89 3522.33 3397.14 3278.23 3217.79 3200.83 3085.52 3829.92 4108.95
2477.44 2375.87 2322.74 2245.62 2281.71 2293.71 2308.18 2296.11 2460.1 2538.97 2411.65 2495.65 2571.48 2640.91 2767.1 2853.51 2978.24 3035.04 3031.57 2989.82 2920.91 2848.72 2777.9 2818.23 2928.81 2846.47 2921.5 2943.08 3088.71 3177.39 3174.93 3226.52 3225.99 3261.57 3345.03 3392.02 3480.8 3447.71 3362.6 3285.69 3218.59 3296.88 3313.46 3298.84 3330.72 3283.54 3287.43 3363.11 3494.68 4122.2 3878.27 3617.97 3566.7 3531.88 3541.69 3687.25 3895.44 3691.38 3595.85 3479.4 3422.4 3400.09 3350.87 3223.87 3102.41 3476.1 3876.19
2423.72 2358.05 2272.1 2216.19 2272.2 2272 2288.6 2361.09 2409.97 2469.85 2493.66 2554.64 2629.57 2715.69 2820.31 2919.26 2947.36 2988.9 2952.45 2940.89 2876.2 2791.85 2711.91 2738.63 2765.62 2773.96 2957.38 2953.26 3050.5 3128.27 3135.78 3150.2 3228.45 3296.52 3402.84 3472.29 3480.92 3404.95 3285.71 3182.46 3131.1 3199.5 3260.87 3221.58 3240.72 3180.57 3243.72 3377.72 3541.94 3645 3598.26 3517.47 3467.21 3455.83 3483.86 3990.98 3771.58 3628.32 3567.91 3526.72 3502.16 3452.05 3386.91 3247.06 3132.4 3051.92 4060.61
2361.6 2327.82 2236.57 2217.69 2297.9 2367.64 2384.28 2471.71 2469.5 2520.2 2573.82 2607.57 2686.4 2801.51 2887.76 2897.07 2917.67 2937.53 2891.68 2856.76 2780.66 2713.37 2651.43 2661.3 2774.41 2857.45 2899.88 2960.75 3032.07 3080.44 3133.41 3196.28 3232.77 3329.47 3418.5 3406.72 3385.47 3303.13 3217.75 3122.41 3040.49 3171.21 3207.77 3100.96 3134.65 3151.3 3271.95 3401.77 3563.1 3652.83 3531.31 3419.8 3404.01 3394.23 3520.69 3578.02 3645.48 3685.4 3660.99 3621.11 3512.55 3425.56 3343.33 3247.09 3131.93 3439.79 4243.34
2316.92 2286.16 2224.82 2189.83 2261.4 2331.09 2401.91 2504.1 2498.4 2423.25 2638.99 2665.3 2715.47 2751.5 2796.57 2809.04 2810.49 2871.98 2834.78 2726.99 2664.18 2645.49 2610.15 2712.06 2764.85 2817.53 2863.45 2877.57 2980.75 3092.85 3204.23 3238.56 3310.86 3401.22 3423.15 3313.44 3290.18 3206.42 3106.48 3007.49 3010.13 3091.06 3069.72 2994.64 3072.3 3184.37 3317.19 3448.66 3613.16 3605.48 3492.74 3361.65 3401.42 3402.24 3614 3623.75 3656.74 3734.39 3734.77 3618.82 3477.95 3380.04 3273.92 3206.54 3123.7 3312.79 4197.23
