DATA/RUIZ_VOL/inidata/topo.grd
DSAA
451 750
   -75.79999504052138100    -74.89999504052137500
     4.20144211608079670      5.69944211608079690
238.88 5281.39
[rows 240 to 269 of 750, columns 335 to 401 of 451]
2277.46 2216.81 2247.64 2305.9 2221.56 2162.94 2104.43 2027.51 1928.29 1990.21 2103.08 2179.77 2188.77 2148.03 2162.04 2180.88 2086.83 2019 1974.42 1899.67 1827.56 1769.61 1705.63 1596.07 1482.3 1313.61 1255.26 1215.06 1225.57 1308.31 1418.1 1449.79 1378.12 1450.6 1552.74 1642.36 1671.33 1692.64 1687.66 1680.09 1634.96 1569.84 1539.27 1496.73 1467.95 1443.09 1437.09 1409.36 1373.19 1303.92 1257.13 1126.85 1098.35 1070.1 1027.93 924.831 870.822 890.266 923.825 947.793 1000.37 1078.53 1155.32 1212.96 1241.21 1133.33 1057.14
2418.66 2430.02 2402.75 2383.92 2311.23 2263.81 2186.92 2099.59 2066.36 2034.31 2092.41 2150.77 2180.76 2119.22 2114.22 2133.87 2094.78 2012.04 1945.06 1899.86 1840.5 1791.27 1710.53 1609.62 1535.38 1366.86 1362.62 1283.78 1172.1 1246.09 1319.7 1318.35 1257.81 1355.34 1482 1505.93 1536.54 1579.73 1573.24 1560.12 1568.01 1560.3 1484.11 1454.66 1438.71 1438.57 1412.32 1377.74 1360.62 1304.4 1219.19 1177.49 1189.42 1144.36 1066.05 939.024 847.854 831.049 903.849 924.157 971.948 1091.07 1199.14 1206.91 1160.39 1104.13 1106.91
2612.11 2574.03 2526.43 2447.84 2341.02 2273.29 2213.23 2202.34 2162.91 2089.44 2165.12 2216.68 2184.67 2139.32 2073.75 2076.38 2059.26 2000.1 1937.54 1882.53 1859.37 1806.09 1724.33 1650.21 1537.07 1425.69 1505.26 1432.31 1287.39 1152.49 1169.51 1155.56 1149.64 1280.04 1367.39 1373.09 1442.39 1446.42 1433.64 1444.57 1455.86 1513.02 1478.34 1440.63 1428.68 1414.27 1343.71 1399.89 1324.48 1307.35 1272.61 1255.51 1241.65 1194.49 1075.66 965.071 810.168 797.013 826.195 904.768 1006.58 1115.33 1221.76 1212.77 1203.3 1165.2 1135.24
2660.45 2674.61 2620.35 2491.49 2383.06 2321.69 2276.68 2299.48 2211.33 2174.36 2209.22 2177.92 2154.86 2149.61 2095.09 2027.68 1998.91 1957.69 1879.18 1821.75 1769.27 1737.28 1662.47 1595.15 1493 1493.37 1566.92 1589.42 1413.78 1272.66 1181.18 1246.91 1144.7 1148.9 1191.76 1267.01 1327.27 1282.91 1287.58 1338.67 1338.81 1432.15 1464.66 1382.48 1337.98 1391.4 1353.26 1385.87 1344.71 1290.67 1307.27 1296.27 1213.54 1145.28 1028.57 916.386 779.966 764.294 863.663 991.476 1043.55 1110.17 1189.18 1196.38 1169.59 1085.7 1003.23
2704.42 2665.69 2653.7 2519.25 2431.54 2392.07 2331.73 2350.23 2278.38 2291.85 2242.69 2181.43 2149.43 2123.43 2093.49 1980.58 1927.8 1882.91 1828.99 1791.85 1781.48 1712.47 1602.67 1539.5 1557.39 1575.78 1625.71 1688.57 1641.41 1440.01 1341.47 1332.54 1269.75 1195.96 1138.29 1126.66 1177.04 1143.68 1152.16 1217.86 1212.48 1300.15 1403.86 1321.7 1286.35 1307.77 1338.1 1348.13 1337.93 1291.7 1293.5 1224.54 1135.56 1048.45 974.607 889.841 735.239 736.634 854.232 942.803 985.423 1047.87 1046.84 1060.48 1091.09 1022.77 926.707
2715.96 2669.55 2688.36 2570.77 2525.86 2461.71 2452.62 2409.87 2358.15 2389.03 2266.09 2179.88 2144.73 2123.6 2091.49 1986.33 1918.01 1891.18 1922.89 1878.99 1847.97 1768.19 1675.89 1654.44 1675.24 1676.49 1710.05 1751 1762.46 1703.41 1512.65 1455.02 1363.93 1337 1230.98 1179.98 1130.36 1134.24 1075.82 1082.9 1082.19 1209.87 1354 1288.05 1215.4 1221.52 1257.14 1256.58 1183.48 1170.76 1202.23 1159.6 1087.16 969.727 873.314 793.944 750.562 765.347 776.73 915.271 918.944 902.077 865.776 935.266 887.97 932.898 862.354
2699.47 2695.26 2712.44 2683.69 2613.39 2561.33 2543.69 2507.76 2399.83 2315.01 2253.72 2154.12 2147.9 2136.48 2067.8 1985.28 1955.85 1978.23 1987.15 1943.4 1875.37 1804.52 1772.93 1765.96 1766.64 1796.47 1826.21 1828.99 1804.42 1776.47 1675.7 1548.96 1462.69 1441.65 1338.89 1278.8 1271.55 1208.77 1148.93 1174.1 1078.26 1153.33 1312.24 1284.18 1189.05 1155.06 1162.04 1173.98 1068.61 1047.25 1115.86 1077.74 1021.45 894.715 787.402 796.081 852.24 848.041 739.697 824.653 813.803 764.75 722.473 776.401 786.719 832.35 831.326
2712.47 2728.14 2772.52 2772.15 2711.22 2687.95 2607.97 2522.08 2430.9 2345.23 2284.01 2189.89 2128.13 2116.07 2075.58 2019.61 1961.42 1994.74 2037.46 1991.03 1936.1 1895.78 1832.36 1848.34 1854.39 1919.23 1952.56 1904.85 1835.9 1822.6 1821.89 1636.97 1548.31 1507.2 1427.7 1390.1 1353.5 1318.11 1283.1 1176.54 1052.93 1139.25 1226.38 1240.24 1100.35 1013.13 1041.49 1095.7 968.656 932.393 1012.78 939.141 944.532 837.436 796.038 901.109 921.544 918.918 793.572 709.829 701.244 683.646 706.168 672.193 664.507 707.351 711.025
2767.98 2723.01 2775.23 2848.48 2823.01 2739.48 2626.23 2531.19 2450.03 2383.67 2296.78 2202.56 2133.34 2097.43 2071.78 2056.57 2008.18 2016.42 2064.82 2039.72 2005.49 1942.06 1897.35 1907.73 1921.71 2004.98 2029.85 1946.05 1872.75 1851.79 1916.09 1762.23 1654.42 1612.6 1549.95 1475.21 1458.2 1384.41 1327.35 1172.66 1105.46 1068.55 1115.48 1144.12 1006.49 1011.02 963.09 1072.19 966.458 914.188 904.485 854.244 865.941 869.489 817.759 891.703 1004.23 992.496 913.447 832.831 796.414 771.15 821.381 789.484 727.445 662.549 642.893
2754.27 2729.8 2753.33 2806.21 2757.86 2649.53 2519.81 2422.94 2320.87 2276.62 2223.16 2188.15 2154.79 2105.3 2076.59 2055.38 2030.15 2022.96 2075.67 2093.66 2052.8 1988.67 1955.44 1981.76 1997.27 2048.55 2007.77 1930.11 1931.42 1895.25 1929.45 1878.66 1772.95 1731.78 1642.04 1573.24 1524.63 1416.16 1303.83 1239.2 1226.92 1063 1021.38 1019.5 999.236 971.897 949.946 1059.23 958.39 916.164 892.49 875.278 857.715 810.685 818.965 904.985 1033.79 1090.63 1003.45 918.125 887.538 857.489 925.066 901.952 849.96 770.281 711.07
2768.92 2759.15 2785.56 2804.31 2685.77 2573.98 2476.49 2385.25 2324.4 2333 2303.03 2245.31 2216.96 2120.04 2059.73 2060.24 2084.26 2044.92 2084.56 2118.35 2094.28 2062.03 2044.19 2039.61 2070.03 2066.53 2006.44 2012.22 2003.45 1950.39 1984.86 1960.2 1870.69 1819.43 1736.96 1648.09 1549.12 1470.73 1391.65 1290.48 1253.88 1155.61 1158.06 1072.89 1088.17 1011.52 975.787 958.639 922.145 983.101 956.801 913.569 940.412 939.827 947.342 961.07 1055.78 1162 1103.08 1013.52 947.904 965.615 1007.94 941.717 910.449 847.152 766.893
2787.75 2790.47 2832.97 2793.28 2690.98 2627.31 2549.79 2497.88 2468.76 2417.26 2341.77 2288.38 2220.79 2082.84 2049.75 2097.24 2108.75 2075.39 2109.97 2154.75 2134.36 2128.74 2144.96 2117.39 2144.36 2107.75 2085.39 2092.43 2085.76 2043.55 2064.81 2042.69 1953.09 1872.42 1765.94 1676.05 1592.66 1555.95 1475.87 1426.5 1347.35 1337.24 1304.33 1232.49 1229.57 1138.86 1055.26 990.627 950.144 1112.16 1090.84 1071.36 1079.53 1052.24 1052.25 1054.83 1042.45 1193.8 1184.13 1145.52 1056.16 1077.16 1069.7 993.578 932.66 908.014 816.01
2796.42 2787.76 2824.23 2793.89 2735.98 2719.25 2663.36 2596.68 2485.36 2398.12 2359.14 2289.77 2195.63 2101.12 2112.71 2125.19 2120.4 2091.74 2137.64 2155.79 2181.75 2186.1 2214.44 2205.45 2200.44 2158.73 2149.8 2154.85 2154.92 2149.8 2154.16 2077.55 2019.43 1957.35 1871.73 1753.53 1692.38 1622.74 1556.52 1473.1 1473.47 1427.77 1370.74 1362.63 1346.59 1225.45 1106.56 1021.35 1055.31 1156.1 1211.24 1175.21 1185.16 1167.37 1147.8 1159.89 1109.11 1194.92 1299.74 1248.83 1191.17 1209.16 1105.78 1006.8 984.862 997.061 905.623
2784.67 2748.7 2727.27 2734.67 2644.61 2705.87 2675 2621.08 2510.5 2432.04 2409.86 2342.16 2239.26 2142.82 2136.57 2160.35 2134.78 2152.84 2174.93 2174.71 2215.42 2223.08 2216.04 2216.27 2194.24 2167.44 2183.5 2162.24 2116.45 2094.16 2077.56 2078.07 2079.85 2012.77 2005.89 1839.4 1751.77 1682.69 1615.3 1565.48 1552.57 1540.24 1500.69 1522.89 1447.35 1332.19 1177.72 1100.75 1150.29 1197.64 1276.39 1278.9 1283.44 1257.2 1255.2 1244.25 1232.27 1286.43 1363.68 1327.69 1311.59 1266.07 1159.82 1101.83 1087.51 1047.75 997.496
2747.91 2706.39 2646.9 2638.6 2604.12 2617.07 2671.51 2670.28 2580.46 2535.96 2450.99 2378.38 2289.12 2197.23 2155.51 2197.61 2179.28 2182.91 2213.75 2211.66 2206.99 2197.44 2175.43 2160.44 2157.52 2132.99 2140.78 2112.85 2073.4 2078.93 2041 2037.24 2057.25 1976.78 1968.93 1895.95 1769.07 1744.54 1709.5 1712.55 1684.01 1657.8 1621.16 1563.82 1464.12 1401.53 1292.7 1216.28 1230.95 1252.66 1266.02 1310.89 1336.05 1370.55 1348.47 1363.32 1358.89 1363.34 1373.7 1369.54 1343.13 1305.56 1274.15 1211.89 1142.63 1135.13 1072.67
2669.55 2676.7 2612.32 2567.04 2541.29 2557.99 2639.93 2669.38 2631.19 2598.6 2488.69 2392.91 2299.83 2235.64 2199.68 2201.94 2223.56 2211.14 2227.96 2206.65 2207.21 2188.28 2181.75 2158.03 2133.95 2128.2 2107.51 2078.22 2056.36 2042.08 2028.3 2015.95 1974.34 1961.33 1973.68 1881.42 1725.69 1698.4 1685.42 1717.69 1763.15 1698.48 1592.5 1498.42 1452.42 1408.6 1331.48 1305.05 1296.16 1334.54 1324.29 1370.69 1371.54 1393.03 1350.14 1337.07 1320.58 1328.76 1314.41 1318.96 1313.01 1275.31 1261.78 1248.05 1239.94 1215.45 1121.13
2605.19 2625.05 2552.9 2495.24 2472.39 2527.87 2594.25 2636.66 2638.68 2621.47 2519.5 2415.63 2363.12 2313.7 2251.97 2239.18 2257.26 2243.04 2227.23 2239.05 2229.85 2162.45 2154.47 2167.81 2199.72 2169.45 2121.93 2103.22 2093.73 2075.1 2074.38 2045.9 2018.15 1940.53 1845.5 1807.58 1716.89 1652.14 1646.11 1677.23 1726.41 1722.08 1618.76 1571.9 1528.43 1477.08 1415.8 1384.24 1353.65 1376.27 1358.42 1333.41 1351.09 1309.18 1297.08 1287.72 1265.45 1275.73 1249.4 1245.55 1266.37 1207.03 1181.82 1176.35 1209.37 1167.72 1146.23
2580.42 2542.9 2525.41 2442.45 2458.68 2532.48 2579.6 2572.56 2555.31 2609.54 2509.95 2384.93 2332.07 2285.11 2265.23 2256.12 2261.99 2242.17 2224.39 2200.09 2163 2148.3 2110.81 2111.52 2178.79 2197.72 2150.35 2126.79 2135.02 2120.12 2121.87 2061.05 1968.59 1866.21 1783.77 1724.35 1684.46 1656.01 1604.35 1625.32 1652.3 1654.36 1685.14 1626.25 1589.52 1546.88 1492.12 1431.34 1338.85 1318.43 1317.55 1285.7 1300.95 1291.5 1253.83 1240.47 1207.54 1213.62 1205.41 1204.4 1226.73 1184.26 1128.79 1135.9 1138.53 1123.36 1090.96
2583.65 2530.32 2478.2 2404.62 2418.36 2484.56 2505.32 2501.96 2554.49 2599.52 2509.61 2439.65 2378.71 2297.16 2235.54 2223.22 2218.23 2220.67 2182.05 2135.23 2079.11 2062.53 2055.33 2085.3 2120.35 2188.47 2129.69 2060.66 2050.98 2050.33 2064.05 2027.23 1975.39 1876.71 1805.76 1806.94 1784.62 1706.12 1650.27 1612.67 1570.89 1573.56 1609.86 1510.83 1494.05 1503.5 1511.6 1428 1325.3 1253.99 1267.25 1254.38 1268.34 1281.63 1273.7 1243.05 1199.12 1172.95 1164.16 1163.19 1161.5 1150.23 1090.44 1087.67 1052.95 1066.43 1031.56
2549.8 2531.23 2476.79 2418 2378.52 2474.46 2443.39 2505.55 2557.13 2569.86 2536.32 2482.05 2418.6 2339.77 2256.53 2211.95 2180.96 2181.61 2161.82 2102.23 1994.63 1931.42 1961.9 1977.24 2035.45 2167.09 2138.62 2040.7 1980.93 2011.08 2029.72 1952.2 1949.89 1937.82 1914.67 1862.3 1861.93 1748.74 1684.09 1622.39 1583.22 1490.78 1510.59 1463.26 1441.98 1422.11 1426.52 1371.31 1295.35 1205.74 1227.31 1213.67 1218.91 1213.92 1247.68 1227.25 1210.01 1163.45 1141.49 1116.19 1129.99 1128.51 1069.97 1037.31 1031.3 1045.48 993.436
2561.15 2519.29 2461.46 2384.88 2341.93 2399.15 2395.89 2453.96 2474.35 2521.15 2552.46 2539.13 2441.42 2352.21 2267.59 2213.06 2198.76 2206.14 2194.8 1696.15 1834.26 1819.7 1814.32 1862.57 1933.77 2065.32 1994.7 1923.69 1866.52 1937.09 1938 1856.99 1863.32 1898.41 1952.25 1922.5 1908.65 1812.39 1709.55 1620.07 1546.13 1488.82 1462.75 1424.49 1361.99 1341.95 1328.33 1277.32 1215.19 1182.12 1166.72 1165.93 1167.16 1160.13 1218.84 1195.31 1191.59 1157.76 1147.24 1135.37 1105.93 1116.36 1075.8 1029.59 1008.29 1001.64 974.553
2612.08 2553.54 2440.49 2359.84 2304.37 2306.27 2326.99 2380.51 2433.84 2494.24 2528.3 2518.74 2427.47 2315.01 2260.74 2249.49 2259.58 2271.48 2234.86 1844.89 1939.1 1799.06 1736.36 1850.83 1963.66 2024.66 1876.98 1815.83 1776.2 1817.83 1826.53 1772.97 1765.31 1824.6 1894.43 1978.55 1963.5 1935.76 1849.24 1703.38 1597.83 1533.16 1491.29 1467.69 1427.92 1334.84 1285.5 1262.2 1264.21 1207.46 1183.75 1157.18 1124.68 1141.54 1177.83 1153.12 1139.11 1108.93 1092.57 1092.3 1101.14 1071.61 1061.5 1031.26 1018.17 997.991 980.602
2551.37 2525.02 2478.44 2417.24 2338.75 2286.96 2292.38 2365.36 2377.93 2420.43 2476.73 2503.2 2387.99 2378.55 2341.31 2332.1 2323.8 2293.47 2188.93 2095.78 1801.26 1751.53 1708.52 1793.43 1862.28 1940.35 1927.37 1824.23 1711.64 1691.68 1722.71 1688.16 1693.9 1792.51 1879.56 1951.58 1985.65 1998.21 1918.31 1784.74 1637.66 1574.08 1554.28 1493.75 1438.43 1389.49 1341.64 1361.28 1327.4 1270.89 1195.72 1176.26 1132.64 1120.08 1111 1116.59 1079.59 1073.73 1061.56 1049.03 1058.89 1055.69 1029.07 1001.81 990.295 1005.17 1000.71
2494.09 2429.38 2432.45 2430.04 2321.1 2259.33 2254.07 2291.95 2285.05 2356.84 2394.46 2444.64 2455.6 2484.3 2448 2396.33 2395.76 2303.98 2179.84 2066.34 1669.58 1774.05 1684.22 1686.06 1771.48 1801.07 1870.74 1865.29 1737.44 1645.53 1631.39 1631.73 1687.8 1749.59 1837.72 1868.39 1930.33 2001.11 1919.05 1782.89 1724.79 1665.29 1593.59 1516.59 1469.93 1451.76 1441.83 1441.76 1367.13 1283.52 1205.76 1180.86 1157.77 1135.72 1114 1121.42 1105.41 1112.41 1074.54 1049.01 1027.33 1042.92 1014.35 992.489 1014.84 1036.98 1036.62
2488.88 2428.42 2371.45 2378.24 2362.21 2298.2 2224.4 2211.69 2219.17 2268.16 2343.54 2432.31 2500.05 2585.42 2562.64 2499.8 2481.79 2325.62 2169 2078.25 1988.51 1890.91 1730.31 1635.1 1642.15 1682.9 1746.25 1757.14 1718.86 1626.44 1595.46 1608.66 1653.72 1739.84 1747.07 1783.31 1877.79 1958.65 1937.13 1901.94 1889.44 1770.85 1666.9 1601.86 1573.54 1525.5 1518.15 1474.61 1404.36 1304.72 1262.1 1200.18 1195.69 1175.85 1168.07 1192.6 1175.47 1135.89 1102.82 1085.57 1041.6 1029 1034.18 1018.38 1042.81 1063.41 1076.18
2449.05 2361.15 2332.28 2312.26 2281.11 2249.71 2268.09 2233.01 2180.11 2229.68 2321.49 2376.99 2435.06 2537.16 2541.72 2595.01 2475.97 2313.58 2148.59 2008.91 1931.12 1878.47 1746.54 1631.78 1593.18 1593.67 1640.69 1679.15 1617.74 1589.68 1548.09 1572.65 1647.67 1664.51 1711.07 1766.85 1827.26 1905.75 1987.02 1970.15 1933.29 1853.08 1768.5 1704.28 1671.69 1638 1582.3 1487.51 1420.45 1398.03 1293.41 1240.5 1227.9 1240.36 1238.73 1257.69 1236.26 1198.96 1162.16 1089.32 1068.14 1071.24 1063.55 1072.33 1069.78 1083.63 1114.57
2469.86 2422.52 2372.47 2344.89 2366.67 2336.91 2309.55 2229.07 2155.68 2166.72 2207.99 2288.62 2365.52 2388.83 2449.79 2539.49 2429.06 2293.77 2139.51 2039.48 1927.97 1784.39 1708.29 1663.03 1594.62 1546.46 1576.44 1617.24 1563.33 1525.64 1527.85 1571.74 1605.09 1645.48 1678.81 1746.22 1840.94 1924.25 2041.3 2040.29 1966.91 1893.94 1744.94 1673.93 1626.93 1587.43 1560.79 1556.19 1508.88 1453.41 1362.85 1305.6 1260.31 1240.36 1252.3 1243.97 1226.59 1200.08 1179.72 1157.07 1127.45 1099.5 1100.46 1114.91 1102.32 1109.85 1123.5
2553.31 2503.14 2430.85 2438.53 2449.77 2393.88 2320.8 2195.58 2185.54 2129.22 2193.47 2267.92 2305.24 2268.87 2339.42 2447.83 2412.03 2262.22 2127.01 2038.66 1967.91 1882.18 1829.46 1738.61 1658.55 1574.11 1526.79 1527.21 1508.96 1508.01 1566.68 1608.38 1664.43 1706.3 1728.2 1766.28 1858.93 2007.11 2071.92 2034.71 1925.23 1863.15 1768.42 1666.5 1607.99 1553.3 1483.31 1461.62 1452.41 1456.91 1419.68 1347.71 1275.65 1222.87 1202.13 1192.52 1171.68 1170.88 1160.3 1173.95 1183.5 1153.25 1155.49 1152.28 1146.53 1131.73 1154.12
2578.26 2534.91 2488.49 2455.65 2414.34 2347.08 2305.78 2237.25 2197.16 2159.12 2119.55 2175.27 2177.83 2163.24 2250.4 2359.15 2376.66 2228.43 2104.76 2022.39 1999.06 1958.49 1877.07 1812.96 1675.57 1568.21 1537.97 1519.57 1484.13 1507.45 1538.04 1601.9 1653.81 1729.71 1787.02 1848.91 1953.14 2034.05 1984.55 1929.1 1931.61 1828.31 1756.17 1746.14 1686.94 1613.4 1550.36 1492.58 1447.2 1432.76 1398.32 1419.09 1312.83 1232.97 1191.38 1192.4 1142.07 1149.37 1148.57 1170.85 1152.85 1153.84 1180.76 1186.69 1184.06 1149.7 1151.51
2525.46 2461.02 2408.56 2356.09 2323.12 2280.32 2244.69 2206.95 2249.25 2249.96 2157.71 2104.96 2055.71 2086.49 2199.6 2289.71 2243.27 2182.25 2071.23 1987.15 1953.41 1951.34 1915 1853.85 1747.96 1638.95 1545.82 1506.77 1490.06 1493.89 1533.99 1552.76 1618.85 1725.05 1840.21 1932.63 1940.59 1934.08 1867.54 1825.98 1843.13 1887.7 1855.98 1826.05 1757.18 1675.54 1624.68 1534.9 1473.48 1429.76 1376.05 1414.19 1351.99 1260.41 1214.24 1192.2 1159.1 1122.53 1156.85 1149.97 1132.91 1150.01 1154.66 1166.81 1158.51 1137.1 1131.74
