DATA/RUIZ_VOL/inidata/topo.grd
DSAA
451 750
   -75.79999504052138100    -74.89999504052137500
     4.20144211608079670      5.69944211608079690
238.88 5281.39
[rows 360 to 389 of 750, columns 67 to 133 of 451]
1525.32 1571.97 1605.71 1591.81 1545.12 1606.15 1690.8 1735.61 1677.47 1594.93 1528.5 1503.16 1534.16 1605.75 1628.77 1649.52 1643.34 1634.86 1616.97 1596.32 1608.26 1543.42 1470.51 1487.48 1565.6 1590.98 1665.9 1611.14 1551.95 1538.83 1548.42 1591.23 1650.11 1765.68 1750.81 1645.7 1606.34 1580.02 1593.39 1637.16 1763.12 1812.33 1789.3 1747.28 1768.26 1851.29 1992.14 2047.16 2044.92 2078.13 2106.27 2260.39 2295.07 2261.83 2206.69 2227.68 2322.08 2309.33 2308.61 2711.8 2702.46 2633.97 2686.26 2667.63 2584.95 2524.93 2535.33
1455.83 1499.17 1530.64 1534.07 1531.11 1576.99 1661.15 1720.2 1664.1 1601.29 1530.98 1480.61 1542.85 1604.54 1624.97 1625.84 1622.17 1635.9 1621.11 1595.6 1574.83 1518.94 1455.31 1498.89 1534.21 1614.43 1620.93 1534.04 1537.37 1562.35 1576.95 1619.76 1710.61 1776.75 1727.14 1616.22 1575.18 1563.02 1595.75 1611.45 1680.46 1742.07 1839.4 1837.2 1812.22 1792.4 1874.66 1934.28 2029.48 2025.88 2012.66 2126.32 2358.57 2255.36 2232.44 2279.04 2516.69 2427.15 2412.36 2633.72 2927.39 2831.92 2685.12 2630.02 2568.52 2500.18 2458.23
1410.02 1421.7 1471.83 1491.5 1507.41 1605.12 1677.24 1718.7 1665.12 1591.54 1503.48 1461.35 1537.49 1586.65 1615.17 1616.9 1622.66 1597.72 1595.11 1595.58 1568.77 1525.29 1477.72 1502.1 1537.58 1575.99 1543.31 1502.31 1564.77 1637.25 1556.32 1597.5 1654.25 1665.78 1671.5 1608 1547.44 1565.98 1589.45 1609.93 1650.01 1761.15 1874.33 1938.53 1890.2 1848.1 1855.1 1850.99 1929.38 1942.21 1959.01 2111.05 2204.7 2417.74 2314.06 2261.11 2357.76 2425.32 2493.35 2521.14 2741.85 2933.79 2677.2 2601.45 2505.31 2420.19 2383.29
1399.87 1422.98 1444.55 1481.37 1537.13 1623.52 1698.17 1722.38 1682.78 1606.45 1503.13 1468.44 1522.24 1562.87 1620.59 1597.34 1599.13 1572.95 1592.96 1589.03 1580.43 1537.29 1452.8 1490.39 1531.8 1500 1479.83 1495.62 1578.8 1680.27 1622.46 1546.31 1584.43 1626.6 1577.29 1543.56 1551.88 1553.58 1587.52 1596.43 1656.13 1720.35 1793.03 1914 1989.59 1971.5 1972.71 1928.79 1897.01 1923.64 1956.39 2082.27 2443.94 2715.36 2269.81 2215.89 2258.56 2324.41 2451.84 2552.36 2590.31 2722.67 2673.11 2611.46 2520.49 2410.91 2302.46
1440.57 1498.43 1510.71 1525.79 1614.54 1655.49 1688.05 1674.77 1671.74 1608.58 1532.07 1463.34 1507.65 1538.82 1576.74 1581.14 1557.1 1555.01 1576.28 1592.07 1571.5 1565.33 1460.72 1464.95 1499.22 1503.38 1470.02 1522.58 1619.98 1677.19 1635.69 1541.57 1528.2 1570.36 1545.71 1556.57 1592.2 1559.21 1573.69 1608.84 1646.03 1773.55 1856.23 1921.61 2015.57 2061.43 2050.8 2005.36 2005.79 1923.69 1967.26 2044.46 2486.98 2292.19 2210.93 2168.44 2184.87 2317.46 2372.04 2443.8 2524.38 2636.04 2630.27 2590.42 2472.26 2377.21 2287.23
1415.64 1475.54 1546.09 1603.34 1628.11 1622.07 1630.04 1608.59 1600.41 1589.05 1513.54 1451.31 1496.84 1514.05 1543.48 1533.8 1540.99 1550.72 1550.99 1557.71 1560.62 1544.47 1486.16 1448.49 1459.27 1467.52 1465.65 1484.45 1551.84 1562.03 1528.27 1505.37 1499.35 1508.96 1536.79 1618.11 1638.66 1601.93 1583.95 1619.83 1648.98 1721.63 1769.7 1852.9 1954.66 2070.65 2117.79 2058.79 2228.67 2086.93 1945.87 2007 2574.02 2238.67 2166.16 2124.99 2302.07 2270.93 2279.7 2362.67 2398.09 2525.57 2617.79 2568.79 2504.07 2423.66 2316.75
1375.37 1427.15 1503.63 1579.69 1577.2 1567.37 1562.45 1529.19 1534.9 1527.86 1513.99 1447.08 1481.7 1519.12 1531.56 1535.12 1591.26 1581.63 1562.32 1546.26 1570.33 1551.04 1512.1 1459.05 1439.29 1464.95 1470.45 1468.02 1490.17 1492.71 1524.99 1535 1519.51 1538.28 1543.71 1582.38 1629.12 1651.58 1592.52 1612.33 1647.23 1678.58 1714.28 1808.11 1935.34 2036.71 2165.15 2263.31 2238.61 1984.37 2030.64 2010.35 2441.43 2211.43 2137.17 2108.59 2175.23 2192.51 2232.84 2686.95 2421.39 2469.56 2582.46 2527.91 2436.68 2351.37 2318.6
1344.38 1394.51 1474.03 1552.53 1561.39 1520.3 1511.16 1506.08 1511.26 1518.71 1490.48 1425.15 1468.95 1501.5 1500.63 1533.37 1597.58 1634.39 1582.84 1554.19 1554.77 1555.29 1517.59 1458.13 1452.49 1483.11 1490.92 1485.7 1496.73 1529.07 1627.87 1671.41 1616.22 1548.12 1569.62 1661.54 1673.93 1678.9 1618.79 1625.29 1642.45 1688.28 1756.03 1825.72 1944.78 2078.62 2195.67 2208.63 2185.41 2191.38 2132.35 2085.25 2118.38 2134.68 2060.18 2098.69 2078.06 2113.11 2190.3 2597.13 2576.84 2519.14 2572.35 2481.12 2374.73 2279.93 2238.38
1351.02 1351.46 1431.17 1516.28 1525.26 1494.06 1491.78 1497.73 1492.58 1500.27 1473.66 1439.96 1449.14 1496.3 1527.87 1546.63 1569.56 1638.74 1645.23 1595.83 1562.45 1562.29 1533.1 1492.72 1435.76 1482.25 1515.98 1494.02 1529.48 1530.1 1618.69 1690.09 1715.45 1618.01 1579.39 1661.3 1746.46 1709.04 1654.79 1624.92 1650.37 1696.32 1795.46 1901.28 1991.99 2069.4 2183.14 2025.53 2256.87 2189.48 2174.31 2146.8 2065.81 2029.76 2021.61 2050.22 2037.68 2156.08 2249.26 2345.05 2403.65 2469.23 2512.69 2445.49 2380.17 2259.6 2148.05
1356.57 1324.86 1409.89 1504.66 1495.65 1475.07 1480.41 1503.32 1480.82 1442.21 1427.98 1418.97 1462.7 1523.7 1531.45 1566.17 1613.33 1664.58 1698.99 1601.34 1574.82 1561.81 1553.7 1510.82 1440.87 1460.99 1550.24 1526.4 1504.34 1538.54 1609.99 1695.84 1770.34 1689.18 1620.05 1616.47 1751.98 1779.75 1694.01 1638.76 1677.07 1706.33 1786.45 1860.46 1892.79 1975.45 2081.95 2060.09 2162.48 2157.41 2073.84 2112.79 2111.41 2024.05 2001.88 2010.44 2039.65 2118.11 2222.56 2236.47 2232.47 2361.27 2439.38 2386.22 2310.87 2250.14 2152.88
1336.67 1324.7 1412.69 1505.93 1523.6 1494.09 1399.92 1483.41 1426.42 1431.85 1467.34 1477.21 1529.35 1566.54 1580.29 1618.36 1659.54 1688.91 1642.23 1592.92 1555.77 1535.77 1532.08 1493.23 1448.19 1435.99 1512.34 1584.49 1558.5 1520.7 1578.07 1652.9 1765.5 1786.37 1686.52 1632.84 1746.15 1808 1709.22 1670.47 1675.91 1692.61 1750.44 1831.06 1811.31 1923.25 1966.32 1966.06 2126.81 2143.36 2059.91 2017.27 2070.07 2038.66 1949.96 2036.86 2061.11 2088 2172.45 2143.93 2176.5 2324.31 2342.27 2309.87 2215.72 2192.35 2157.76
1313.85 1351.77 1436 1502.48 1501.17 1510.72 1458.48 1449.11 1413.43 1470.21 1485.51 1495.3 1569.1 1621.2 1640.05 1645.21 1703.4 1688.87 1624.39 1603.57 1550.98 1518.73 1507.92 1477.76 1456.54 1413.52 1445.88 1499.79 1573.16 1586.4 1573.78 1622.78 1731.9 1790.97 1750.87 1652.24 1736.83 1813.08 1710.74 1667.57 1644 1669.36 1707.13 1746.59 1788.27 1853.45 1893.14 2016.65 2126.75 2096.91 2058.72 1968.76 1970.94 1950.45 1895.75 1992.18 2006.61 1999.48 2091.12 2082.72 2152.36 2255.74 2216.02 2188.2 2195.63 2120.94 2045.74
1398.44 1401.66 1441.89 1501.29 1472.06 1466.28 1488.97 1441.88 1422.83 1465.38 1467.33 1482.52 1550.13 1634.44 1681.47 1699.76 1718.01 1678.41 1617.36 1596.6 1554.08 1504.47 1487.11 1455.72 1436.63 1390.1 1447.03 1471.21 1512.15 1505.99 1575.66 1617.28 1700.04 1753.2 1781.58 1756.45 1718.59 1833.82 1742.03 1674.77 1637.81 1645.47 1673.95 1759.61 1862.13 1879.45 1967.55 2074.06 2164.68 2153.06 2089.8 1959.08 1905.44 1893.34 1911.09 2001.57 1958.73 1961.59 2014.64 2086.02 2151.39 2175.91 2159.4 2135.98 2168.8 2060.78 1974.28
1469.08 1499.29 1501.51 1493.42 1487.7 1462.46 1473.87 1405.96 1428.63 1471.48 1460.62 1487.02 1528.02 1594.77 1643.63 1700.09 1707.81 1654.08 1605.19 1569.34 1534.24 1514.75 1498.72 1450.8 1420.04 1400.07 1449.44 1447.24 1460.42 1464.53 1506.22 1577.12 1708.36 1783.24 1841.97 1838.83 1798.96 1839.32 1745.36 1704.77 1648.91 1609.32 1645.57 1703.44 1785.22 1808.14 1899.35 2015.47 2117.67 2127.51 2065.93 1981.19 1875.59 1843.83 1892.17 1944.84 1897.2 1985.06 2051.88 2066.35 2097.14 2106.65 2043.84 2028.94 2034.03 2020.41 1956.38
1466.45 1536.41 1543.72 1514.35 1483.72 1454.34 1430.01 1377.92 1439.18 1465.98 1456.08 1480.38 1541.86 1588.59 1616.28 1650.36 1674.98 1644.07 1611.24 1575.14 1540.1 1485.44 1486.35 1441.57 1417.95 1407.77 1422.44 1428.4 1451.29 1505.42 1520.31 1547.08 1599.97 1697.95 1821.06 1901.19 1906.44 1803.79 1671.28 1634.92 1658.61 1610.78 1624.29 1666.72 1696.92 1755.19 1816.32 1935.28 2075.25 2103.29 2025.86 2004.93 1908.56 1800.17 1826.04 1870.66 1922.62 1979.39 2106.03 2168.3 2177.54 2044.87 2019.87 1964.99 1958.9 2000.34 1921.6
1481.71 1545.41 1571.71 1537.26 1493.79 1455.69 1394.91 1386.76 1449.94 1456.28 1459.32 1463.93 1501.29 1547.34 1562.54 1636.49 1644.03 1607.43 1608.75 1579.13 1546.86 1486.09 1461.37 1443.4 1408.08 1400.59 1425.39 1446.12 1455.37 1476.03 1565.73 1604.14 1666.15 1720.25 1800.48 1857.16 1837.5 1795.82 1719.81 1622.89 1597.74 1587.42 1611.53 1638.68 1711.55 1789.22 1891.84 1986.73 2040.63 2069.79 1981.86 1977.85 1925.94 1803.97 1846.13 1938.44 2024.01 2018.26 2121.82 2187.1 2130.88 2062.89 1984.4 1931.67 1912.72 1945.93 1907.68
1438.57 1523.08 1564.72 1552.68 1514.94 1440.99 1383.92 1424.42 1456.74 1467.99 1460.47 1450.1 1476.68 1505.73 1550.08 1608.92 1654.67 1642.63 1612.7 1562.37 1530.93 1519.12 1473.42 1423.79 1390.86 1421.76 1430.26 1453.71 1457.22 1481.67 1507.67 1583.69 1681.64 1736.46 1812.5 1868.01 1811.75 1706.33 1644.94 1622.43 1601.94 1569.41 1597.29 1635.35 1679.2 1786.45 1826.17 1869.05 1967.07 2059.39 2005.02 1905.73 1919.19 1808.63 1780.45 1902.57 2031.15 1978.53 2056.33 2148.21 2091.25 2033.48 1954.02 1900.22 1865.16 1862.87 1866.21
1444.74 1519.61 1558.85 1554.15 1499.22 1422.53 1375.89 1439.27 1448.32 1453.54 1456.5 1435.94 1454.34 1502.85 1551.72 1576.18 1627.63 1640.45 1678.06 1537.17 1484.62 1463.28 1445.47 1402.52 1392.16 1431.15 1430.12 1427.77 1440.79 1456.53 1474.34 1569.28 1631.26 1650.09 1732.69 1822.14 1805.78 1700.41 1666.2 1614.51 1570.41 1552.14 1582.48 1619.05 1637.32 1677.06 1722.28 1811.5 1956.29 2032.4 2005.54 1893.13 1866.05 1815.42 1756.94 1866.78 1912.36 1920.73 2015.45 2102.17 2092.15 2072.12 2028.27 1996.84 1957.8 1841.91 1880.66
1428.35 1480 1525.19 1544.99 1525.58 1437.84 1380.27 1406.61 1426.34 1455.7 1450.85 1439.52 1456.52 1504.14 1552.85 1534.09 1576.49 1628.73 1577.14 1534.97 1490.21 1460.53 1420.55 1376.87 1397.97 1440.13 1450.8 1441.82 1434.22 1449.87 1474.31 1511.79 1543.89 1613.25 1674.53 1697.48 1764.01 1738.52 1725.8 1679.66 1620.91 1551.56 1557.68 1582.32 1605.75 1685.15 1782.02 1847.54 1913.19 1992.8 1994.94 1888.02 1803.21 1794.48 1719.41 1809.11 1872.02 1989.96 2027.31 2097.65 2031.17 1966.14 1974.56 2020.88 1936.07 1797.36 1879.61
1382.88 1428.44 1448.14 1479.77 1479.73 1451.9 1373.52 1372.38 1397.17 1430.28 1452.65 1446.91 1435.69 1477.77 1509.14 1494.68 1548.47 1579.21 1604.91 1541.98 1476.99 1460.84 1425.4 1371.18 1412.66 1412.52 1427.39 1439.27 1442.52 1456.24 1467.79 1492.89 1502.23 1544.55 1575.21 1613.61 1652.94 1739.28 1649.02 1608.4 1569.15 1571.4 1531.99 1557.9 1588.37 1680.33 1772.02 1864.97 1907.88 1961.49 1945.15 1831.44 1777.23 1719.28 1708.15 1825.88 1868.6 2018.04 2014.95 2046.56 1962.19 1904.27 1887.98 1986.17 1934.44 1779.21 1727.16
1344.4 1380.88 1413.06 1422.38 1412.27 1444.13 1417.99 1382.64 1364 1365.25 1423.91 1427.53 1435.44 1446.33 1454.09 1470.92 1509.17 1480.29 1548.21 1506.68 1440.84 1421.05 1409.86 1369.98 1401.85 1415.29 1438.38 1445.46 1452.01 1467.5 1472.49 1528.6 1594.85 1585.87 1596.95 1887.51 1694.37 1747.43 1700.61 1595.61 1548.44 1531.09 1515.78 1547.85 1569.64 1610.6 1702.46 1826.79 1825.8 1890.18 1927.01 1838.01 1730.8 1675.31 1761.48 1900.83 1974.83 2027.4 1953.91 1945.45 1941.59 1862.72 1847.92 1940.54 1947.7 1794.18 1657.7
1322.31 1342.8 1350.63 1369.93 1378.09 1379.46 1405.06 1428.95 1399.82 1362.94 1353.03 1427.14 1437.15 1430.76 1427.17 1467.19 1506.43 1456.52 1510.92 1474.42 1399.83 1364.96 1359.47 1366.04 1413.74 1455.38 1457.25 1448.82 1454.02 1466.15 1485.69 1508.4 1573.86 1653.16 1710.73 1831.86 1788.62 1810.85 1771.84 1629.26 1614.99 1582.83 1509.99 1532.22 1547.62 1591.14 1696.54 1798.98 1751.11 1844.95 1888 1813.65 1707.54 1661.82 1751.15 1885.76 2007.95 2014 1934.23 1870.26 1843.13 1827.04 1813.59 1915.23 1968.59 1834.1 1727.3
1302.26 1318.69 1330.77 1349.66 1363.68 1371.71 1391.43 1393.94 1399.53 1357.18 1338.52 1407.1 1418.95 1431.72 1413.01 1456.31 1484.59 1442.22 1465.08 1432.85 1374.76 1348.02 1398.42 1422.96 1434.04 1465.54 1465.05 1461.22 1458.24 1475.78 1467.74 1495.71 1565.81 1631.82 1715.82 1784.35 1793.57 1712.94 1720.34 1641.37 1621.79 1561.1 1516.73 1502.59 1528.68 1577.43 1693.2 1757.26 1704.95 1773.5 1870.37 1800.04 1661.66 1660.57 1788.49 1880.31 1915.58 1998.24 1967.92 1929.21 1858.86 1768.54 1763.92 1855.26 1872.33 1794.78 1725.96
1308.15 1314.1 1321.04 1344.06 1351.58 1363.63 1378.48 1391.95 1414.5 1395.61 1330.93 1332.29 1342.05 1370.99 1386.64 1441.07 1450.02 1411.01 1436.67 1432.73 1360.02 1358.34 1383.57 1401.2 1448.66 1487.65 1477.69 1491.74 1483.1 1463.6 1436.85 1472.69 1525.7 1596.82 1687.01 1751.52 1750.15 1656.5 1598.59 1569.95 1539.86 1561.64 1514.8 1505.39 1537.54 1551.05 1631.04 1693.09 1668.61 1797.06 1848.59 1739.24 1624.67 1630.28 1730.85 1794.36 1920.79 1920.33 1902.57 1888.38 1889.78 1798.58 1773.97 1793.06 1747.84 1737.72 1701.08
1307.22 1319.85 1336.8 1345.92 1355.02 1352.63 1370 1390.53 1397.6 1417.41 1413.72 1365.38 1325.87 1316.21 1368.2 1415.49 1378.41 1348.09 1380.66 1384.12 1379.16 1344.51 1372.26 1415.58 1441.2 1455.31 1457.82 1468.47 1488.71 1447.29 1420.31 1488.45 1579.68 1619.29 1610.61 1664.9 1605.87 1615.33 1566.15 1487.41 1477.21 1508.27 1526.97 1495.85 1538.54 1555.18 1577.15 1622.53 1654.13 1735.32 1800.02 1741.41 1648.7 1611.49 1745.35 1878.65 1942.98 1883.91 1836.06 1883 1883.14 1805.13 1754.01 1764.56 1679.05 1734.35 1649.06
1319.16 1326.74 1330.96 1342.37 1347.82 1349.28 1369.14 1384.64 1399.86 1403.67 1421.55 1331.23 1303.49 1314.04 1355.57 1327.34 1321.29 1300.52 1308.88 1320.43 1330.93 1333.06 1365.1 1369.23 1436.04 1454.8 1424.49 1429.26 1487.58 1441.49 1412.22 1430.72 1482.14 1507.78 1578.65 1626.13 1555.1 1513.33 1488.39 1456.98 1456.74 1466.85 1476.23 1488.07 1517.95 1532.67 1570.32 1612 1680.02 1789.88 1822.68 1728.68 1611.02 1596.66 1698.51 1864.9 1912.63 1842.25 1788.07 1808.36 1846.03 1788.36 1687.8 1729.72 1640.04 1625.36 1590.08
1321.49 1320.78 1332.51 1350.69 1356.17 1356.86 1360.67 1370.99 1378.23 1394.78 1405.76 1366.77 1292.91 1310.05 1281.51 1334.11 1323.13 1333.35 1357.14 1357.08 1349.03 1361.05 1404.03 1406.4 1454.4 1450.95 1425.85 1408.59 1449.83 1451.44 1426.12 1413.14 1413.3 1496.21 1599.64 1601.29 1515.77 1468.18 1439.26 1445.26 1459.63 1474.94 1507.29 1512.04 1529.33 1529.09 1560.22 1651.06 1729.23 1824.97 1820.2 1730.58 1605.35 1588.85 1693.71 1828.02 1875.51 1806.66 1751.26 1744.95 1795.13 1765.73 1654.29 1663.15 1595.62 1566.8 1687.44
1321.86 1327.36 1337.5 1341.51 1350.22 1359.99 1369.88 1369.59 1365.19 1385.66 1394.34 1409.29 1312.68 1279.45 1335.93 1394.39 1405.18 1412.65 1413.94 1381.62 1406.98 1430.99 1450.32 1457.47 1448.95 1455.77 1439.88 1399.73 1412.49 1431.31 1388.51 1376.25 1399.71 1464.43 1540.09 1595.89 1499.11 1457.06 1424.92 1437.04 1458.16 1463.58 1478.21 1507.11 1524.57 1549.17 1544.18 1592.69 1690.82 1802.95 1814.52 1749.17 1615.9 1549.17 1627.43 1766.34 1863.84 1780.35 1711.17 1685.02 1718.07 1732.45 1685.42 1593.45 1547.67 1627.28 1803.05
1314.26 1331.23 1334.45 1337.19 1343.65 1355.94 1369.51 1373.77 1369.64 1380.45 1381.78 1401.81 1353.6 1275.43 1363.15 1358.14 1384.23 1442.18 1447.51 1414.48 1427.78 1478.81 1477.76 1435 1415.74 1427.92 1455.9 1424.63 1397.88 1395.93 1379.71 1362.93 1390.77 1438.43 1541.37 1613.62 1558.54 1476.88 1440.49 1418.34 1448.1 1468.08 1469.78 1482.71 1520.89 1537.4 1565.77 1571.12 1664.36 1736.98 1799.87 1760.22 1646.84 1533.82 1596.83 1726.56 1848.42 1843.54 1768.63 1666.86 1690.69 1700.74 1713.92 1634.45 1547.77 1685.94 1843.36
1316.35 1338.48 1332.36 1336.43 1339.47 1340.48 1341.08 1362.68 1359.18 1379.91 1383.47 1395.49 1342.77 1283.17 1350.34 1352.32 1367.13 1426.11 1479.71 1459.94 1458.01 1505.98 1479.85 1422.95 1402.03 1408.95 1384.76 1395.49 1402.57 1380.3 1374.42 1360.3 1379.78 1414.18 1489.37 1588.46 1601.25 1548.18 1458.91 1409.27 1436.34 1453.78 1452.98 1465.11 1496.3 1524.06 1527.92 1560.96 1602.6 1671.81 1776.69 1739.16 1646 1529.03 1547.28 1657.94 1799.07 1816.77 1729.48 1660.86 1667.56 1701.67 1645.95 1538.85 1601.21 1755.95 1890.54
