DATA/RUIZ_VOL/inidata/topo.grd
DSAA
451 750
   -75.79999504052138100    -74.89999504052137500
     4.20144211608079670      5.69944211608079690
238.88 5281.39
[rows 300 to 329 of 750, columns 335 to 401 of 451]
2515.46 2470.82 2490.84 2485.59 2517.62 2526.49 2594.16 2651.79 2631.15 2606.23 2581.09 2479.46 2374.36 2371.63 2380.07 2380.34 2371.33 2379.96 2368.01 2362.95 2318.59 2218.26 2074.38 1953.51 1862.69 1768.54 1692.07 1583.16 1529.42 1558.96 1485.8 1441.47 1463.57 1430.95 1388.38 1292.55 1294.64 1364.35 1462.24 1506.25 1566.31 1599.15 1526.39 1457.67 1386.58 1229.89 1270.49 1251.69 1167.1 1092.95 1005.84 999.086 1101.03 1139.1 1153.37 1181.12 1226.93 1209.46 1159.71 1052.32 944.769 887.078 836.348 727.881 600.1 635.863 654.628
2486.31 2432.2 2428.94 2441.25 2480.81 2552.51 2627.54 2599.21 2578.86 2549.19 2482.68 2405.76 2238.4 2203.52 2252.73 2230.16 2268.02 2264.8 2287.1 2304.11 2291.67 2185.58 2043.28 1974.74 1869.39 1745.75 1660.97 1657.46 1654.83 1625.03 1542.37 1546.32 1574.49 1517.3 1434.62 1328.33 1306.96 1306.2 1399.58 1442.67 1489.85 1559.49 1595.42 1479.79 1361.37 1366.84 1414.09 1333.71 1251.69 1163.97 1055.16 997.714 984.468 1002.01 1030.52 1073.7 1122.22 1173.49 1152.87 1080.41 946.623 818.686 762.392 690.161 598.249 673.484 687.616
2421.6 2386.54 2387.78 2461.41 2513.38 2597.69 2632.42 2555.87 2498.92 2502.99 2436.21 2258.08 2209.96 2082.69 2086.96 2126.85 2136.21 2151.81 2163.18 2155.54 2170.8 2151.26 2017.15 1897.91 1816.98 1715.04 1785.24 1807.15 1809.22 1709.03 1655.54 1664.07 1610.98 1522.34 1423.67 1332.12 1251.63 1265.17 1316.53 1400.39 1438.11 1480.72 1565.98 1495.85 1465.9 1476.09 1519.91 1448.27 1309.5 1170.69 1123.27 1071.06 996.067 945.387 951.694 986.086 1048.74 1078.42 1068.71 1002.04 932.318 826.903 784.734 685.596 610.076 733.141 753.945
2385.7 2368.61 2383.34 2430.8 2520.2 2595.19 2561.85 2501.13 2450.46 2460.15 2452.9 2294.86 2104.46 2005.28 1983.44 2019.23 1993.07 2038.09 2075.8 2040.61 2045.39 2098.97 2025.51 1918.06 1823.77 1838.06 1901.52 1918.67 1903.83 1829.55 1712.29 1635.57 1565.77 1453.64 1390.43 1335.19 1294.79 1228.59 1254.16 1288.98 1361.95 1414.82 1490.83 1523.18 1548.28 1592.56 1556.12 1425.95 1312.99 1266.81 1164.58 1097.35 1078.81 1012.41 963.205 925.534 962.326 1014.21 1022.74 911.328 893.561 803.171 721.334 627.96 631.016 776.689 811.628
2357.02 2308.09 2347.99 2473.35 2554.58 2605.89 2543.16 2442.57 2374.13 2381.94 2432.01 2340.48 2179.73 2020.25 1901.74 1897.36 1877.1 1914.56 1973.33 1958.95 1966.04 1985.55 2026.85 1988.73 1971.97 2004.68 2041.3 2034.71 1965.89 1795.31 1701.08 1595.32 1500.18 1441.67 1417.56 1383.48 1315.06 1247.26 1208.14 1220.21 1296.56 1387.29 1411.64 1448.9 1539.19 1395.44 1532.54 1440.65 1372.02 1304.77 1203.31 1190.31 1181.46 1124.85 1054.93 946.421 904.476 918.697 914.678 834.478 779.722 726.642 633.396 631.027 671.821 779.569 863.811
2293 2284.6 2366.75 2468.01 2508.82 2530.23 2451.51 2379.22 2335.48 2310.4 2366.06 2298.61 2162.02 2039.58 1937.42 1845.59 1768.35 1789.52 1823.4 1847.36 1866.97 1894.88 1987.98 2044.86 2109.52 2186.12 2192.26 2096.19 1969.93 1875.2 1744.53 1657.43 1582.53 1538.41 1495.86 1408.91 1332.52 1303.31 1234.08 1189.39 1245.93 1297.72 1371.93 1443.59 1431.93 1386.5 1470.51 1482.93 1387.23 1316.08 1290.78 1292.85 1253.08 1186.68 1141.21 1070.32 958.495 868.397 848.035 819.032 713.571 655.794 703.463 728.031 740.53 820.233 899.79
2267.57 2284.65 2353.24 2431.6 2408.46 2486.63 2414.25 2325.06 2274.29 2278.06 2308.16 2232.27 2142.64 2016.9 1917.31 1881.42 1774.29 1701.16 1663.98 1716.84 1738.92 1824.19 1900.46 2002.64 2106.84 2166.5 2173.1 2124.33 2052.1 1933.51 1826.67 1776.65 1701.78 1618.32 1524.17 1446.33 1418.05 1359.94 1294.81 1197.73 1193.79 1252.5 1375.18 1403.26 1417.28 1407.61 1418.62 1502.09 1432.07 1391.78 1363.22 1318.47 1199.48 1114.1 1068.71 1032.34 885.097 812.096 771.066 699.879 652.73 741.355 811.795 833.957 790.736 870.071 960.61
2267.42 2247.65 2338.75 2343.55 2360.36 2424.94 2376.49 2304.98 2250.84 2243.42 2303.27 2187.18 2073.85 2006.28 1892.01 1837.81 1832.48 1754.56 1651.79 1631.35 1654.18 1731.45 1840.52 1966.32 2018.07 2039.45 2035.12 2043.91 2056.65 2019.62 1931.47 1862.32 1764.37 1679.58 1621.96 1548.49 1480.83 1417.15 1335.16 1264.35 1196.48 1401.59 1360.11 1353.56 1390.45 1423.02 1523.61 1555.02 1474.38 1370.59 1310.66 1297.51 1186.67 1081.68 984.361 934.147 822.175 679.506 662.85 665.806 742.499 824.612 892.741 915.4 865.183 888.628 976.494
2221.68 2226.78 2298 2275.58 2355.43 2327.5 2331.88 2259.14 2219.92 2250.96 2309.87 2195.01 2080.08 1943.64 1883.34 1804.28 1757.56 1757.3 1658.75 1571.85 1593.34 1722.16 1822.13 1872.99 1894.8 1941.87 1957.44 1918.62 1939.03 1937.01 1943.77 1903.14 1804.72 1744.01 1691.63 1596.74 1522.71 1455.64 1382.41 1274.32 1206.62 1234.86 1256.03 1360.99 1408.11 1455.18 1524.28 1575.29 1413.94 1359.04 1232.19 1174.48 1113.32 1035.64 976.963 880.478 807.641 718.007 665.877 757.597 849.114 927.348 965.7 973.91 933 953.179 1005.02
2179.6 2198.17 2215.07 2241.1 2266.24 2245.02 2297.85 2225.01 2197.81 2271.23 2334.68 2210.09 2088.91 1959.62 1847.15 1799.63 1733.85 1671.38 1657.74 1557.25 1546.89 1632.51 1736.27 1790.68 1844.14 1845.07 1881.18 1806.77 1797.35 1834.35 1817.29 1824.58 1741.16 1650.44 1659.24 1646.5 1593.1 1528.61 1412.62 1305.84 1204.18 1148.04 1260.43 1345.85 1367.71 1421.92 1517.9 1557.57 1468.1 1362.74 1235.84 1174.38 1098.8 994.658 903.228 847.257 816.736 717.504 681.884 774.185 851.956 955.992 1051.04 1042.61 1013.99 1032.45 1071.24
2132.33 2112.86 2165.15 2180.43 2192.32 2153.27 2230.57 2203.31 2189.55 2278.61 2295.08 2167.47 2018.28 1912.91 1875.1 1800.73 1697.73 1595.22 1588.28 1555.48 1502.56 1561.16 1613.08 1685.91 1755.43 1730.84 1805.38 1721.19 1683.93 1732.91 1690.74 1752.43 1691.35 1589.31 1528.02 1522.73 1540.39 1563.56 1444.55 1287.27 1184.87 1147.17 1174.56 1287.27 1384.01 1443.65 1517.29 1538.67 1471.42 1378.84 1294.51 1196.83 1064.41 1013.71 896.769 808.916 733.618 673.813 695.063 805.313 879.58 1006.14 1116.27 1128.19 1130.38 1113.33 1049.08
2120.15 2081.1 2098.21 2090.7 2103.84 2115.29 2168.52 2177.27 2173.27 2263.53 2256.97 2121.44 1989.41 1876.66 1793.65 1720.42 1632.84 1572.21 1535.73 1499.19 1487.48 1492.84 1490.02 1566.68 1629.24 1659.93 1739.99 1647.68 1556.62 1598.53 1605.03 1673.27 1659.26 1574.88 1430.17 1397.42 1413.81 1452.92 1432.11 1304.51 1215.72 1178.84 1131.3 1275.43 1334.52 1391.29 1437.09 1443.15 1459.33 1374.87 1315.18 1213.23 1152.6 1056.53 958.991 861.852 751.706 684.303 753.561 835.844 935.901 1026.26 1108.39 1217.68 1227.75 1117.61 999.345
2034.06 2068.01 2044.86 2067.1 2049.99 2018.79 2083.3 2124.45 2177.29 2256.55 2238.64 2173.75 2060.2 1956.41 1839.52 1760.52 1720.78 1676.92 1623.56 1550.7 1504.92 1470.12 1466.73 1464.04 1498.59 1582.2 1639.79 1557.16 1475.78 1441.89 1516.52 1560.29 1582.17 1509.24 1429.62 1318.33 1323.99 1409.98 1415.5 1352.95 1246.85 1144.19 1138.02 1233.04 1283.44 1358.25 1355.94 1349.82 1399.87 1427.91 1373.37 1286.56 1169.74 1085.17 1020.56 904.894 787.861 692.66 754.591 853.635 955.405 1066.91 1143.51 1225.19 1218.77 1089.5 982.307
2142.38 2155.67 2166.01 2150.71 2076.47 2000.74 2049.96 2143.56 2213.32 2257.57 2154.41 2122.68 2109.15 2016.57 1939.79 1844.83 1778.11 1733.73 1699.98 1632.65 1500.23 1466.3 1433.03 1441.63 1465.33 1507.66 1536.54 1528.86 1433.37 1375.07 1429.27 1503.1 1501.71 1437.04 1379.95 1321.09 1252.42 1313.37 1315.78 1293.72 1249.62 1141.28 1135.03 1196.94 1230.6 1272.13 1263.41 1309.48 1355.47 1393.02 1416.46 1317.82 1195.91 1083.71 1027.11 921.547 781.729 693.735 804.182 870.994 946.172 1020.3 1106.24 1211.71 1189.14 1106.45 989.289
2224.97 2240.87 2211.39 2112.33 1978.62 2080.52 2133.25 2198.17 2287.69 2234.55 2128.11 2033.79 1991.58 1986.55 1930.86 1812.89 1700.08 1640.88 1608.18 1569.31 1505.8 1487.15 1431.49 1375.04 1420.98 1427.64 1454.16 1468.29 1420.51 1338.84 1375.02 1412.88 1416.53 1384.32 1309.75 1232.17 1213.04 1204 1201.54 1164.18 1161.22 1122.62 1113.93 1136.86 1162.96 1162.17 1211.54 1250.94 1305.68 1339.81 1340.9 1303.98 1162.78 1040.09 986.975 921.987 772.3 710.518 734.757 821.923 906.551 1026.8 1114.1 1174.38 1117.56 1036.87 928.355
2283.51 2254.61 2179.07 2022.67 1990.98 2143.09 2221.89 2216.19 2268.33 2183.53 2110.51 2046.44 1918.53 1857.45 1838.42 1716.56 1643.09 1552.56 1501.32 1459.72 1485.88 1480.18 1447.36 1352.57 1343.93 1325.68 1360.44 1399.4 1401.21 1305.64 1285.14 1297.02 1320.76 1287.63 1222.14 1176.28 1161.31 1136.81 1131.94 1120.87 1123.15 1099.87 1081.72 1066.4 1090.47 1076.52 1121.69 1192.35 1263.02 1321.34 1302.26 1253.75 1171.86 1029.68 897.76 851.467 760.304 704.923 736.261 823.599 896.387 991.924 1069.47 1152.96 1168.81 1073.31 1012.42
2247.88 2201.74 2113.9 1969.16 2028.93 2185.77 2259.66 2288.6 2286.74 2265.23 2194.6 2066.7 1942.07 1805.89 1689.41 1623.69 1569.36 1552.86 1537.98 1491.49 1413.41 1463.63 1436.7 1365.85 1344.75 1352.52 1277.11 1311 1316.85 1267.16 1187.36 1208.02 1219.63 1202.53 1173.03 1181.41 1190.28 1178.82 1183.9 1197.98 1205.89 1183.41 1143.26 1091.97 1088.57 1072.39 1055.07 1134 1183.04 1242.55 1254.4 1188.82 1151.44 1027.73 889.799 787.515 716.145 743.273 802.784 859.743 934.193 1018.8 1090.6 1149.57 1197.25 1170.82 1117.53
2176.45 2115.2 1993.56 1967.51 2108.91 2186.62 2207.92 2268.25 2370.61 2309.93 2188.59 2077.52 1922.76 1771.46 1722.55 1709.94 1698.92 1711.09 1639.73 1515.77 1456.06 1493.37 1507.44 1446.42 1431.69 1413.07 1368.38 1250.49 1249.22 1215.17 1213.57 1271.44 1243.63 1228.35 1239.5 1255.75 1260.81 1278.57 1310.83 1345.16 1329.39 1279.24 1221.28 1182.81 1155.35 1108.92 1047.73 1041.16 1107.21 1185.56 1207.28 1087.66 1068.65 1014.09 896.983 795.02 739.317 722.603 758.895 819.71 890.686 966.174 1033.18 1128.81 1213.37 1236.14 1191.44
2086.7 1979.66 1925.79 2058.34 2123.41 2151.13 2184.78 2254.33 2367.21 2334.5 2179.78 2050.68 1921.57 1830.92 1859.31 1852.53 1832.11 1748.92 1648.14 1581.07 1539.06 1578.2 1600 1552.15 1499.39 1424.18 1340.39 1275.69 1259.98 1305.24 1348.12 1388.94 1376.39 1363.87 1331.31 1367.86 1378.74 1377 1402.72 1375.94 1449.38 1357.07 1300.65 1283.37 1250.78 1180.04 1101.58 1013.73 1064.16 1181.68 1184.48 1070.36 981.964 931.065 813.749 730.944 756.031 729.548 750.485 857.5 916.903 975.789 1073.84 1150.42 1218.64 1263.19 1200.76
2006.13 1928.68 2038.21 2061.96 1998.27 2044.6 2149.07 2155.86 2262.55 2267 2179.29 2037.61 1936.71 1906.35 1988.6 1953.85 1857.41 1795.58 1742.21 1681.75 1675.77 1684.91 1666.54 1614.08 1523.74 1458.69 1424.35 1391.06 1383.08 1388.02 1413.5 1483.07 1518.14 1480.58 1458.65 1466.14 1482.96 1404.54 1380.25 1420.79 1390.78 1400.48 1371.98 1391.49 1307.42 1185.68 1089.12 1006.79 1067.92 1161.28 1156.01 1058.18 964.994 892.403 782.763 774.317 848.666 811.611 800.445 882.18 969.673 1017.84 1099.14 1185.12 1241.76 1264.67 1199.65
1979.67 1930.74 1989.97 1959.23 1885.4 1997.38 2063.74 2081.47 2175.52 2245.65 2185.99 2086.17 1979.67 2005.59 2050.22 1968.93 1904.26 1881.76 1815.71 1785.46 1768.77 1778.14 1697.81 1612.33 1596.74 1564.54 1530.65 1487.53 1470.12 1476.97 1494.6 1563.78 1623.15 1624.93 1587.24 1590.89 1599.8 1515.41 1384.13 1478.58 1371.49 1355.5 1349.3 1343.85 1263.55 1138.52 1015.19 999.987 1107.49 1186.56 1167.62 1075.46 972.86 899.234 767.578 754.766 880.047 920.813 918.409 933.505 1011.1 1075 1130.24 1188.84 1244.09 1263.01 1188.51
2012.33 1968.24 1911.93 1866.09 1866.45 1927.02 1976.37 2007.83 2098.89 2215.11 2245.04 2154.22 2131.2 2120.42 2075.91 2014.87 1977.46 1917.85 1904.66 1880.24 1857.26 1789.31 1706.65 1661.58 1695.21 1650.65 1622.91 1606.73 1574.27 1592.11 1597.28 1630.43 1700.84 1727.84 1684.8 1641.35 1577.95 1479.2 1411.38 1336.31 1271.06 1223.78 1244.41 1285.98 1217.39 1105.88 981.052 1009.45 1125.78 1197.34 1181.68 1091.01 975.705 865.209 759.454 760.366 809.994 871.414 957.268 1016.02 1065.41 1116.1 1149.76 1200.95 1260.57 1268.65 1224.23
2060.22 2029.86 1941.6 1906.22 1872.06 1851.96 1914.82 1959.66 2074.87 2229.78 2197.36 2135.63 2158 2161.76 2161.48 2084.34 2061.08 2011.83 1987.7 1972.9 1887.03 1829.82 1782.62 1748.34 1783.79 1755.05 1732.14 1717.79 1691.05 1712.91 1727.43 1725.76 1708.01 1660.59 1600.17 1506.89 1473.33 1401.18 1318.1 1197.93 1210.23 1117.76 1158.91 1196.93 1212.57 1094.56 1051.43 972.053 1071.91 1157.04 1204.48 1131.33 1009.97 913.005 848.427 797.157 755.897 808.498 885.508 964.013 1059.81 1144.03 1202.44 1258.94 1273.24 1283.83 1273.13
2106.74 2116.46 2079.51 2024.08 1920.84 1825.48 1856.24 1951.44 2084.1 2213.54 2135.4 2064.57 2070.77 2080.7 2124.52 2173.12 2138.54 2085.95 2068.37 2017.59 1946.92 1897.39 1877.68 1847.2 1863.15 1865.92 1855.29 1837.35 1819.91 1798.91 1730.66 1658.69 1606.52 1558.52 1520 1437.35 1344 1279.59 1227.97 1143.51 1097.24 1074.15 1073.76 1097.07 1152.28 1155.89 1078.71 965.904 995.759 1098.88 1182.16 1186.6 1084.36 984.159 935.878 851.385 782.403 901.027 860.927 953.018 1020.39 1106.37 1207.19 1278.43 1306.96 1293.14 1289.61
2196.15 2143.09 2087.86 1988.74 1903.13 1804.22 1829.61 1928.88 2097.43 2190.46 2110.66 2046 1987.03 1986.41 2055.27 2107.99 2139.88 2092.93 2122.52 2070.01 2009.93 1978.2 1984.79 1953.88 1932.26 1864.89 1815.17 1813.18 1833.89 1764.04 1671.73 1559.65 1496.84 1476.49 1446.83 1389.67 1296.25 1194.42 1159.71 1137.36 1171.29 1142.09 1076.64 1039.05 1064.05 1088.17 1108.48 1002.96 953.378 1071.26 1168.82 1217.51 1126.33 1011.13 897.471 797.754 785.908 929.039 883.677 950.358 1058.66 1125.16 1203.81 1281.78 1295.61 1336.59 1325.28
2213.88 2105.62 2019.7 1932.36 1871.48 1831.01 1810.05 1878.31 2070.05 2154.75 2128.53 2060.9 1947.61 1911.4 1951.19 2014.02 2071.53 1997.21 2010.69 2079.24 2093.65 2064.57 2002.42 1914.77 1847.92 1800.16 1692.75 1687.33 1749.69 1676.76 1585.73 1503.28 1414.73 1396.65 1352.67 1287.88 1232.3 1221.2 1269.87 1268.1 1264.93 1226.93 1148.25 1112.27 1062.99 1018.76 1025.73 974.228 954.766 1076.3 1156.91 1218.9 1106.11 983.273 853.041 768.191 868.571 927.386 922.303 966.556 1057.67 1150.33 1230.05 1290.04 1307.57 1313.91 1309.41
2148.18 2071.65 2044.4 1978.77 1965.2 1898.6 1811.41 1840.71 1854.82 2111.61 2170.6 2079.18 1930.94 1833.77 1859.61 1951.64 1977.63 1936.04 1938.68 1991.23 2043.89 2032.36 1986.34 1893.12 1809.57 1731.69 1633.33 1575.55 1633.54 1625.91 1515.97 1405.47 1363.25 1335.79 1306.03 1323.39 1282.92 1330.03 1363.31 1397.09 1360.85 1275.57 1205.22 1156.11 1114.39 1054.2 991.627 929.782 967.356 1103.85 1210.95 1202.36 1118.12 997.258 874.976 791.733 867.506 958.533 952.076 1026.52 1077.45 1163.61 1254.95 1326.22 1355.91 1337.1 1295.64
2204.23 2186.88 2132.24 2094.7 2056.9 1960.85 1847.4 1793.33 1882.43 1949.32 2039.51 1976.19 1837 1784.64 1809.86 1925.48 1879.65 1842.04 1853.74 1893.63 1951.45 1971.37 1983.08 1898.4 1792.22 1704.95 1637.14 1549.39 1507.82 1517.92 1444.98 1382.41 1357.45 1393.88 1388.68 1349.37 1342.86 1353.8 1386.31 1475.3 1438.33 1358.33 1297.68 1205 1132.07 1056.15 960.492 931.059 1031.7 1131.2 1211 1137.1 1081.74 984.623 835.861 781.553 888.54 934.4 982.119 1044.71 1115.08 1215.45 1280.88 1336.72 1385.67 1361.69 1325.32
2154.56 2129.12 2089.03 2053.19 2015.03 1932.99 1859.61 1784.46 1791.44 1822.99 1867.66 1866.74 1788.94 1752.87 1775.79 1861.81 1858.73 1810.46 1792.16 1798.04 1832.8 1890.94 1960.57 1947.51 1840.93 1773.79 1693.67 1593.47 1513.1 1451.52 1415.68 1414.46 1466.2 1496.81 1471.79 1357.76 1364.12 1438.18 1423.38 1501.88 1505.63 1430.18 1347.45 1240.86 1161.47 1078.76 993.062 949.068 1059.1 1145.76 1140.97 1039.34 985.184 949.879 866.069 787.343 847.337 938.73 1017.16 1085.35 1167.59 1214.12 1262.24 1311.49 1376.69 1376.49 1385.34
2154.15 2083.17 2041.79 2005.12 1951.25 1907.58 1878.22 1786.33 1745.07 1728.49 1743.24 1772.11 1750.97 1722.38 1755.54 1799.51 1814.55 1782.49 1722.47 1700.67 1759.13 1843.27 1891.02 1942.77 1947.32 1847.66 1762.51 1658.9 1584.18 1536.46 1549.2 1520.17 1581.9 1559.17 1444.91 1370.39 1449.11 1517.71 1522.42 1546.81 1472.89 1407.26 1331.14 1207.57 1132.52 1034.03 954.711 922.179 1018.21 1091.49 1111.77 977.023 877.95 859.538 826.549 789.769 844.703 915.251 988.686 1067.44 1161.93 1215.41 1221.06 1259.25 1288.58 1343.64 1392.44
